Route 1: 45 113 78 155 175 13 43 2 90 67 17 39 107
Route 2: 178 27 154 20 24 100 64 61 77 179 109
Route 3: 62 131 44 30 102 146 68 76 130 149
Route 4: 48 173 41 85 80 31 25 172 110 162 28
Route 5: 73 116 66 91 129 11 6 122 139 1 99 53
Route 6: 120 19 192 196 97 96 14 105 15 59 198 74
Route 7: 170 152 26 133 153 40 169 89 29 87 123
Route 8: 101 144 119 166 35 126 71 9 37 81 138 137 183
Route 9: 147 160 47 12 124 69 200 70 95 158
Route 10: 135 55 184 93 199 151 142 111 63 56
Route 11: 190 83 176 57 143 36 165 33 121 188 108
Route 12: 148 103 141 164 86 115 94 51 189 136
Route 13: 5 10 46 118 193 191 128 106 167 34
Route 14: 38 150 159 114 22 140 187 16 181 117 49
Route 15: 21 23 134 50 156 112 168 79 42 92
Route 16: 18 54 104 161 58 186 127 98 157
Route 17: 197 32 65 171 174 145 195 52
Route 18: 60 180 84 82 72 125 4
Route 19: 177 3 88 8 185 132 7
Route 20: 75 182 163 194
Vehicles: 20
Distance: 3829.18
