Route 1: 149 140 35 60 121 32 183 88 111 97 105 119
Route 2: 81 132 69 165 124 134 103 101 154
Route 3: 87 196 152 34 99 38 84 138 39 174 83 45 59 24 108
Route 4: 157 4 184 54 89 151 175 56 9 70 107
Route 5: 73 145 112 98 62 194 118 90 52 198
Route 6: 155 55 63 150 36 137 68 14 195 79 116 172 197
Route 7: 46 106 85 94 125 114 37 164 29 65 43 110
Route 8: 7 41 80 64 109 182 28 91 75
Route 9: 158 18 143 113 31 185 169 181 192
Route 10: 13 57 173 163 19 178 23 22 47 82 74
Route 11: 72 15 188 153 166 193 33 129 141 96 10 77
Route 12: 1 161 92 48 146 122 53 17 200 40
Route 13: 147 199 93 135 133 25 180 167 179 186 190
Route 14: 120 51 26 123 176 21 156 126 148
Route 15: 44 117 3 5 66 131 160 130 11 49 27 61
Route 16: 30 20 100 104 136 6 189 159 128
Route 17: 71 12 95 58 177 127 102
Route 18: 67 50 86 144 191
Route 19: 2 16 8 162 76 170 42
Route 20: 168 115 139 187 171 142 78
Vehicles: 20
Distance: 5511.33
