Route 1: 155 67 78 175 13 43 2 90 17 39 107 179
Route 2: 45 178 27 173 154 24 61 100 64 109 68 76
Route 3: 62 131 44 19 146 102 28 196 130 74 149
Route 4: 113 66 12 129 11 6 122 139 73 147 91 116
Route 5: 20 41 85 80 31 25 172 77 110 162
Route 6: 101 144 119 166 35 126 71 9 1 99 53 135 137
Route 7: 30 120 192 59 97 14 96 105 15 89 198 133
Route 8: 48 26 152 40 153 169 29 87 42 123 163
Route 9: 164 160 47 70 65 136 189 124 200
Route 10: 93 55 181 58 184 199 37 81 138 183 114 56
Route 11: 57 118 83 143 36 33 121 165 188 108 106 34
Route 12: 190 5 10 193 46 128 4 167 95 158 82 60
Route 13: 170 134 50 156 112 168 79 195 52 92 75
Route 14: 191 180 72 176 125 84 117 49 185 104
Route 15: 159 38 150 22 151 16 140 187 142 111 63
Route 16: 148 103 197 141 69 174 94 86 171
Route 17: 21 23 182 194 145
Route 18: 161 18 54 186 132 7 157
Route 19: 32 115 51
Route 20: 177 3 88 8 127 98
Vehicles: 20
Distance: 3587.13
