Route 1: 153 49 14 6 132 78 171 130 28 163 187 150 174 79 19 39
Route 2: 142 4 92 100 154 82 66 67 64
Route 3: 140 54 89 37 9 12 59 139 188 29 21 166 126
Route 4: 162 149 63 200 47 48 43 3 110 95 178 36 120
Route 5: 195 57 133 98 119 182 147 40 161 198 70
Route 6: 84 118 127 176 134 58 113 69 191 87 17 30
Route 7: 196 156 180 136 124 131 24 102 179 18 190 80
Route 8: 169 72 22 41 129 158 194 81 107
Route 9: 26 20 62 5 138 46 197 172 42 135 34 96
Route 10: 155 88 105 199 13 8 1 76 2 175
Route 11: 7 15 183 184 27 167 152 91 44 90
Route 12: 85 165 173 143 121 71 144 11 137 75 97
Route 13: 16 31 106 117 38 114 86 192 50 33 55
Route 14: 103 68 51 145 111 116 193 83 148
Route 15: 159 186 122 181 35 77 10 73 141 185
Route 16: 23 32 108 56 45 112 160 109 189 125 157
Route 17: 177 128 99 151 94 168 65 115 123 60
Route 18: 164 104 25 170 146 93
Route 19: 61 52 74 101 53
Vehicles: 19
Distance: 4461.71
