Route 1: 164 144 93 296 143 283 315 194 104 278 298 381 9 328 23 256 76 32 363 214 228 342 42 337 308 18 334 352 348 242 370 47 170 154 191 166 277 126 133 34 190 332 117 219 388 159 26 105 119 384 319 231 301 208 180 184 188 53 284 172
Route 2: 313 196 211 318 349 161 317 276 168 207 107 90 141 108 165 360 97 261 226 123 52 65 56 373 385 374 49 297 210 279 271 109 364 1 128 132 235 369 309 216 206 114 227 178 120 386 8 376 103 43 353 131 28 203 187 102
Route 3: 329 368 155 44 24 25 255 287 199 346 323 304 269 142 306 73 171 74 249 395 13 125 259 63 282 21 112 192 351 248 223 88 274 215 176 158 237 205 290 378 387 365 81 83 66 212 240 7 397 399 84 153 38 234 229
Route 4: 295 307 2 127 118 224 316 243 179 173 185 285 367 15 267 129 11 394 302 294 137 314 341 268 174 382 272 198 146 327 86 33 160 124 300 379 371 257 220 183 64 338 225 321 336 5 244 80 310 20 347
Route 5: 121 359 150 91 391 288 375 247 89 10 239 110 345 4 181 177 355 380 236 111 195 39 233 320 101 362 325 48 37 193 358 291 293 241 201
Route 6: 186 213 139 147 100 87 333 232 78 392 372 40 82 286 356 57 152 148 253 275 251 62 6 221 254 311 209 69 305 289 350 280 35 322 135 98
Route 7: 106 252 189 67 50 95 264 149 31 326 134 258 366 260 30 281 377 145 41 299 77 59 36
Route 8: 92 396 162 156 265 96 113 263 122 29 79 51 71 354 312 292 19 303 27 230 68 200 357 343 202 331
Route 9: 398 383 115 266 138 151 324 163 130
Route 10: 245 238 70 218 390 197 175 54 157 344 94 335 12 60 273
Route 11: 222 136 339 340 246 270 217 167 45
Route 12: 250 75 72 55 46 16 330 361 169 85 262 14 182 17
Route 13: 389 204 140 3 393 400 22 61 116 99 58
Vehicles: 13
Distance: 13732.06
