Route 1: 166 192 88 346 277 169 289 291 398 265 140 69 361 81 182 122 109 389 137 368 223 385 101 293 119 302 39 36 124 319 213 105 64 309 179 83 55 132 65 111 295 136 256 89 177 345 70 106 23 3 259 278 78 107 171
Route 2: 113 53 258 284 84 127 237 238 190 72 196 313 37 397 60 21 370 323 208 195 353 183 318 388 225 71 249 143 165 74 10 1 57 114 186 27 94 176 26 133 197 173 387 384 116 288 273 118 134 220 97 331 320 297 29 199 270 230 372 287
Route 3: 254 22 272 356 162 98 108 280 142 228 141 386 264 90 130 252 233 156 115 326 205 164 202 211 321 68 324 218 175 95 261 217 209 100 334 85 337 11 393 4 198 296 231 359 117 184 268 44 362 206 305 215 344 325 376 45 339 62 224 241
Route 4: 236 129 343 146 9 77 148 174 242 58 240 336 121 301 317 138 194 247 204 357 56 33 63 163 216 47 255 19 341 369 311 135 212 24 168 332 25 145 12 292 379 51 14 304 392 91 352 219 221 17 61 87 54 32 248
Route 5: 316 327 274 92 294 282 188 360 380 298 125 275 394 103 67 2 8 96 235 189 250 307 110 66 203 375 358 310 354 31 290 333 157 178 80 6 16 279 82 150 112 322 73 283 306 299 276 314 244 147 149 120 15 266 335 338
Route 6: 269 200 49 246 144 395 5 41 347 40 50 396 86 263 207 180 234 253 126 159 93 285 303 128 172 30 340 187 267 371 366 365 79 34 363 151 239 181 383 227 329 382 7 373 229 243 46 28 18 152 330 232 214
Route 7: 59 350 13 355 300 155 222 308 245 391 367 76 170 20 315 374 226 348 38 43 271 210 257 191 160 75 167 260 286 364 99 35 390 193 351 52 123 42 48
Route 8: 399 342 185 381 349 400 378 201 104 131 153 281 102 251 161 377 312 158 262 328 139 154
Vehicles: 8
Distance: 10856.28
