Route 1: 286 88 217 209 185 10 152 336 3 354 241
Route 2: 126 115 398 66 331 325 368 37 20 97 13 311
Route 3: 366 150 83 206 99 184 175 257 76 300
Route 4: 277 375 149 101 33 157 7 15 212 237 28 255
Route 5: 343 269 64 208 100 145 318 106 297 329 230 163
Route 6: 301 139 280 392 36 191 349 344 91 130 372
Route 7: 29 249 9 169 305 219 198 108 12 299 393 196
Route 8: 267 364 340 373 167 148 378 164 367 391
Route 9: 92 266 146 165 308 268 79 339 34 224
Route 10: 332 310 84 197 262 8 319 260 43 400 312 41 246
Route 11: 23 356 58 284 351 315 80 134 131 294 107
Route 12: 279 112 135 47 90 140 321 132 291
Route 13: 154 381 202 342 118 21 346 45 309 186
Route 14: 360 31 362 171 243 248 239 192 128 27 174
Route 15: 94 386 180 179 379 81 323 278 231 188 225 327
Route 16: 221 261 161 213 120 121 151 270 193 38
Route 17: 387 78 125 238 195 18 42
Route 18: 54 77 288 304 71 113 211 159 253 222
Route 19: 105 155 395 361 272 306 377 124 2 347 376
Route 20: 335 385 199 82 296 359 254 293 60 53 313 86
Route 21: 56 141 370 290 274 138 170 4 190 275 240 218 252
Route 22: 201 70 87 73 302 25 96 49 353 194 316
Route 23: 102 69 59 68 14 394 74 178 6 35 369
Route 24: 114 44 348 235 388 281 129 263 176 137 384 93
Route 25: 322 338 382 256 19 55 50 383 276 264 374 142
Route 26: 63 233 173 205 133 62 39 65 32 371 363
Route 27: 397 273 203 365 350 207 341 200 119 183 75 228 232
Route 28: 324 156 333 67 307 396 251 259 51 30
Route 29: 298 380 85 328 265 95 399 22 136 317
Route 30: 334 72 292 109 282 26 352 40 117 123 172 358
Route 31: 287 52 16 314 177 245 127 242
Route 32: 216 214 285 247 187 326 355 162 289 158 227
Route 33: 357 236 61 11 110 223 98 250 390
Route 34: 303 144 24 229 204 295 103 220 122 337 160
Route 35: 181 389 1 111 46 147 153 89 166 258
Route 36: 17 226 330 143 215 320 168 283 104
Route 37: 189 271 244 48 57 345 234
Route 38: 182 116
Route 39: 5 210
Vehicles: 39
Distance: 9779.68
