Route 1: 296 75 99 262 177 337 119 133 18 140 293 182 96 276 35 294 371 362 25 324 216 238 124 92 38 364 115 16 88 266 72 259 76 255 162 150
Route 2: 363 49 239 211 12 333 188 339 292 89 355 205 29 143 219 51 232 184 245 31 155 336 217 393 301 66 195 98 246 27 15 242 213 396 174 391
Route 3: 307 325 370 284 308 59 22 19 218 101 28 297 351 7 100 2 151 189 240 215 145 319 318 354 274 265 366 221 340 176 61 286 48 361 109
Route 4: 37 170 144 167 191 129 313 302 314 114 369 94 112 117 106 159 125 193 183 382 17 317 330 392 65 233 244 199 33 282 187 132 108 58 44
Route 5: 21 137 154 34 260 158 226 80 30 57 196 326 26 250 120 345 309 235 367 400 14 91 220 228 342 79 315 257 356 236 288 320 138 358 230
Route 6: 62 323 300 64 20 84 387 36 171 152 210 375 185 126 397 279 68 231 322 316 42 8 305 381 280 209 234 243 71 82 251 390 70 164
Route 7: 341 6 249 373 329 269 335 271 388 69 197 285 398 241 208 11 148 258 116 41 312 343 118 130 86 52 270 247 93 40 131 252 383
Route 8: 103 331 147 146 248 350 349 60 272 122 360 389 186 141 386 201 123 13 32 47 380 160 289 121 181 74 365 378 97 163 73 379 256
Route 9: 225 290 127 321 254 253 4 102 227 180 263 83 295 169 304 384 46 173 24 338 328 77 3 45 81 334 128 347 9 165
Route 10: 222 1 327 298 287 178 172 194 278 54 268 299 306 104 267 261 5 394 198 156 55 111 168 377 110 374 192 204
Route 11: 166 175 105 142 113 95 346 23 348 149 157 206 202 39 395 311 179 291 135 63 134 107 43 85 277 332 90 56 67 399 136 87
Route 12: 385 353 264 50 212 203 229 223 78 310 10 161 352 344 53
Route 13: 190 372 224 357 281 275 359 139 283 237 200 214 273 153 207 303 376 368
Vehicles: 13
Distance: 7630.96
