Route 1: 213 391 15 218 174 27 162 22 7 2 284 212 101 351 28 297 143 245 19 319 308 59 259 92 38 16 364 88 266 396 246 195 150 255 72 354
Route 2: 75 296 324 216 238 25 144 191 362 313 302 114 369 94 112 117 159 44 183 187 132 199 382 17 65 330 392 167 366 265 96 221 340 99 76 294
Route 3: 170 371 262 115 177 337 133 140 124 182 293 18 120 274 250 299 26 307 336 155 219 98 217 393 301 66 242 363 109 176 40 70
Route 4: 31 49 239 211 89 292 333 171 152 188 51 339 185 397 251 184 232 12 68 279 316 322 42 231 8 305 234 243 61 71 286 390 361 164 131 48
Route 5: 367 276 35 37 129 127 321 236 358 254 178 248 172 58 125 103 108 193 24 338 3 77 230 244 233 314 317 33 282 74 365 106 320 138
Route 6: 325 21 189 240 137 119 100 370 357 275 359 151 283 352 237 260 80 226 200 87 273 158 303 207 153 376 215 145 318 344 326 368
Route 7: 383 252 147 341 388 329 269 335 69 249 398 93 373 241 208 11 280 148 116 258 41 312 343 86 118 130 209 52 270 6 247
Route 8: 62 355 323 36 64 23 387 84 348 204 149 374 39 395 205 29 311 291 179 300 135 43 63 134 85 45 277 332 90 126 56 82
Route 9: 222 379 146 73 331 256 272 271 197 165 375 210 285 32 201 47 13 381 107 394 334 55 111 81 161
Route 10: 290 309 235 225 345 298 227 180 263 287 83 295 169 14 304 384 46 102 173 4 328 228 220 91 79 356 342 315 257 288
Route 11: 372 53 67 1 203 253 163 349 97 389 60 122 186 360 350 141 386 123 380 160 289 121 181 378 57
Route 12: 192 166 154 34 224 104 353 264 139 190 385 194 278 268 196 306 54 214 267 136 399 281 229 261 310 30
Route 13: 105 110 20 175 347 128 377 346 157 156 50 198 202 142 113 206 95 327 10 5 223 78 400
Route 14: 9 168
Vehicles: 14
Distance: 6863.97
