Route 1: 58 186 213 238 400 383 398 35 357 228 22 331 273
Route 2: 214 144 143 296 256 76 363 32 23 93 184 159 204
Route 3: 284 164 313 85 393 169 361 140 72 318 349 161 36 38
Route 4: 211 75 172 219 276 107 317 245 150 121 376 102
Route 5: 329 193 262 14 322 194 202 315 283 343 12
Route 6: 250 359 222 335 103 203 142 259 125 13 98 60 201
Route 7: 277 316 173 179 352 285 334 319 126 208
Route 8: 308 337 18 33 15 129 367 92 396 388 301
Route 9: 217 369 178 120 46 270 28 131 306 187 323 63 182
Route 10: 117 39 210 181 177 355 288 391 190 332 216 136
Route 11: 2 196 127 348 90 108 141 47 242 3 344 133 77
Route 12: 278 328 9 135 241 17 333 69 84 41 104
Route 13: 55 128 386 106 353 205 50 8
Route 14: 243 165 360 154 224 138 52 170 53 180 370 26 207
Route 15: 368 378 282 44 145 377 199 287 25 304
Route 16: 269 95 67 189 31 258 366 101 158 237 149 290 132
Route 17: 375 297 114 4 239 195 109 89 235 206 188
Route 18: 371 45 298 94 96 139 113 156 230 19 146 99
Route 19: 295 110 380 385 91 330 151 374 34
Route 20: 168 97 226 123 261 314 384
Route 21: 307 324 373 56 49 1 5 347
Route 22: 381 100 162 305 299 6 130 78 167 59
Route 23: 399 254 311 37 48 83 240 81 66 212
Route 24: 147 265 342 42 198 354 379 160 61
Route 25: 155 218 171 21 395 54 88 274 176 248 387 74 390
Route 26: 232 372 40 392 253 275 148 251 62 358 7 209 153
Route 27: 340 115 267 11 327 394 302 137 86 244
Route 28: 223 175 70 221 325 200 82 116 350 225 321
Route 29: 252 260 233 43 24 192 264 281 362
Route 30: 268 185 339 341 382 174 294 272 231 124 310 105 364
Route 31: 263 122 71 51 79 27 303 68 292 312
Route 32: 266 65 118 166 300 20 119 191 257 183 280
Route 33: 255 73 134 30 320 351 197 293 365 336 389
Route 34: 346 249 326 112 215 397 234 64 229 220
Route 35: 236 247 345 80 16 309 291 111 279 271
Route 36: 10 227
Route 37: 87 152 57 286 246 356 157 289 338 29
Route 38: 163
Vehicles: 38
Distance: 11451.42
