Route 1: 286 88 217 209 185 10 152 336 3 311 20
Route 2: 126 97 375 149 101 7 257 300 13 15 76 241
Route 3: 115 398 66 331 277 325 368 37 219 28 249
Route 4: 366 83 354 150 206 99 184 175 344 372
Route 5: 64 208 269 343 100 145 106 318 297 329 224 163
Route 6: 33 255 212 29 157 47 237 305 321 132 128 27
Route 7: 301 139 280 392 36 191 349 91 130 107 316
Route 8: 267 364 340 373 167 148 378 164 367 391
Route 9: 12 9 360 198 299 90 169 196 96 276
Route 10: 332 92 310 339 262 400 8 319 34 43 197 230 41
Route 11: 266 308 180 268 79 146 379 312 84 81 327
Route 12: 315 221 322 351 284 294 58 356 134 261
Route 13: 165 94 54 386 179 246 125 225 260 45 232
Route 14: 381 154 186 202 342 309 118 21 346 42
Route 15: 80 82 296 335 93 229 359 293 60 53 313 86
Route 16: 112 140 279 393 314 136 317 22 399 192 240
Route 17: 287 31 248 135 70 302 201 25 353
Route 18: 387 278 78 231 188 323 6 211 59 253
Route 19: 155 105 395 361 272 377 306 124 2 347 376
Route 20: 151 270 193 23 19 55 383 120 205 264 142
Route 21: 56 141 252 290 370 274 138 170 4 190 275 234
Route 22: 114 44 348 235 388 129 281 263 176 89 137 384
Route 23: 102 222 304 69 71 113 14 288 178 223
Route 24: 49 87 298 73 30 177 95 242
Route 25: 199 385 303 24 295 204 220 254 131 122 258 158
Route 26: 357 74 394 68 159 110 35 369 98 250
Route 27: 72 397 334 216 195 285 18 238 200
Route 28: 213 63 121 233 173 50 338 256 307
Route 29: 371 38 333 374 111 194 396 363 251 259 227 104
Route 30: 362 16 52 291 108 243 171 239 119 75
Route 31: 292 226 203 341 365 273 207 187 352 123 183 289 228
Route 32: 144 324 156 161 210 382 245 153 166
Route 33: 17 326 109 358 350 26 282 40 320 168 283
Route 34: 77 236 182 61 218 11 48 345
Route 35: 5 160 337 143 330 215 147 46 103
Route 36: 265 380 85 328 116 67 65
Route 37: 390 271 174 189 57 244
Route 38: 133 62 39 32 1 127
Route 39: 214 355 117 247 172 162
Route 40: 389 181 51
Vehicles: 40
Distance: 10626.91
