Route 1: 168 91 218 353 138 288 163 86 172 324 116
Route 2: 188 90 302 270 391 109 142 259 244 43 185 178
Route 3: 298 278 51 108 311 84 118 355 124 94 335 226 104 376 76
Route 4: 236 304 281 287 106 10 317 24 150 395 177 359
Route 5: 337 107 186 260 394 98 336 344 368 276 130 258 159
Route 6: 291 203 217 27 120 250 8 13 386 400 73 169
Route 7: 216 224 220 303 78 193 181 194 143 213 182 196
Route 8: 274 166 48 39 145 396 320 20 235 71 318 187 382 282
Route 9: 85 319 349 228 179 384 54 57 40 11
Route 10: 251 113 271 277 294 32 81 19 357 249 232
Route 11: 334 42 9 60 206 88 7 245
Route 12: 170 341 156 63 314 388 89 161 199 180 233 36 44
Route 13: 164 377 225 127 309 16 293 37 367 361 210 315 253
Route 14: 340 154 209 28 227 323 189 329 137
Route 15: 347 195 147 173 125 280 342 131 284 261 325 279 397 204 50
Route 16: 389 263 316 385 183 110 262 297 234 330 313
Route 17: 95 215 146 310 267 167 136 119 69 133 122
Route 18: 241 101 256 58 358 248 105 111 392 1 242 381 165
Route 19: 33 102 47 273 45 362 26 338 92 214 162 243
Route 20: 369 307 82 327 34 31 100 3 399 296 160
Route 21: 292 331 53 140 6 308 306 93 300 205 149 272 370 17 14
Route 22: 375 393 339 151 230 134 379 346 269 229
Route 23: 72 171 75 380 240 141 56 74 129 128
Route 24: 321 55 247 333 295 286 223 29 61 212 46
Route 25: 290 64 38 158 197 15 326 398
Route 26: 70 175 289 383 59 2 5 275 79 35
Route 27: 285 207 373 192 4 117 52 121 268 360 372
Route 28: 30 123 351 348 157 18 332 80 115 153
Route 29: 148 184 211 312 390 144 208 99 22 132 301
Route 30: 190 366 255 387 374 112 299 305 231 66 41
Route 31: 97 65 21 152 363 67 378 77 322 68
Route 32: 343 103 62 264 252 198 200 83 12 202
Route 33: 155 246 265 237 114 352 139 238 23 222 350 365
Route 34: 364 25 49 96 219 266 191
Route 35: 87 201 126 135 283 345 176
Route 36: 328 174 254 356 371 239 221 354 257
Vehicles: 36
Distance: 10493.60
