Route 1: 469 559 203 542 280 52 562 35 441 397 488 269 160 164 85 599 289 428 575 225 241 180 165 306 420 107 177 305 238 118 254 95 492 596 22 544
Route 2: 199 63 261 493 541 223 255 459 309 151 346 342 597 456 248 230 320 476 386 335 568 258 582 350 515 564 392 497 390 191 57 569 514 307 28
Route 3: 331 207 295 210 162 26 394 31 287 455 555 411 38 7 291 128 233 435 292 246 588 275 303 232 206 53 403 86 244 354 422 408 4 129 108 127 526
Route 4: 110 474 135 212 553 56 347 111 313 67 220 137 501 570 356 451 345 218 121 572 211 73 578 503 300 468 457 72 530 224 167 545 339
Route 5: 521 200 594 352 116 504 384 452 316 79 226 171 520 450 329 308 519 297 187 213 585 2 98 416 77 589 214 551 529 219 388 516 247 228 446
Route 6: 208 404 412 209 188 161 283 106 252 439 525 249 510 113 74 51 71 486 298 487 509 443 133 126 391 120 163 279 170 144 239 437 16 328
Route 7: 362 511 152 80 260 97 558 205 573 517 6 337 483 265 153 196 351 123 36 587 172 580 84 485 263 264 100 166 75 567 396 565 478 23
Route 8: 94 19 37 271 253 25 533 471 274 366 132 376 54 240 574 294 484 477 513 502 389 374 139 33 231 421 379 475 360 495 465 372 343 3 400
Route 9: 472 195 87 432 406 532 591 440 124 250 323 12 237 178 361 561 445 278 370 505 480 531 65 512 68 69 353 349 50 235 415 76 102 45 130
Route 10: 282 357 518 333 383 358 105 586 310 299 319 288 434 70 140 115 109 546 47 419 560 236 424 29 330 336 141 20 363 365
Route 11: 430 58 169 426 78 418 154 176 143 82 427 149 293 119 59 433 595 268 42 552 579 270 429 453 242 189 285 159 377 101 138 114
Route 12: 34 590 399 550 470 27 184 409 425 5 281 467 321 454 369 538 112 215 262 256 359 286 43 344 413 185 317 368 66 463 535 322
Route 13: 464 24 327 593 182 142 414 83 168 192 61 524 548 482 245 549 148 543 8 202 201 90 277 458 508 158 481 442 32 122 584 193
Route 14: 46 436 554 134 222 21 229 563 267 304 30 39 259 49 576 405 197 314 583 348 600 556 378 44 341 571 93 147 156 89 444
Route 15: 496 507 522 506 489 539 81 500 447 266 92 449 410 367 557 338 48 466 326 257 395 183 380 131 491 190 41 324 216 325
Route 16: 301 312 340 431 64 448 598 243 173 117 382 423 273 150 175 318 385 157 438 1 490 217 302 398 55 407 9 417 174 540
Route 17: 461 194 494 14 10 251 221 536 18 566 290 145 11 375 204 15 125 371 311 284 460 234 62 479 334
Route 18: 296 40 547 272 332 534 104 91 499 473 146 103 315 136 581 355 179 96 373 60
Route 19: 13 99 523 155 381 527 227 592 276 401 364 88 393
Route 20: 498 402 186 537 462 528 17 577 387 198 181
Vehicles: 20
Distance: 14210.93
