Route 1: 59 221 18 120 244 197 464 340 251 345
Route 2: 154 598 158 282 127 316 562 33 529 56 576 334
Route 3: 224 399 75 475 358 36 474 163 146 188
Route 4: 303 50 600 367 250 289 320 579 252
Route 5: 582 71 131 34 55 468 348 238
Route 6: 256 38 61 77 167 557 566 318 242 398 234
Route 7: 173 166 202 189 13 76 568 452 118 329
Route 8: 10 321 425 109 17 421 500 228 137 177 235 511
Route 9: 338 308 181 393 178 517 23 360 419 390 284 223
Route 10: 86 68 30 331 593 90 597 332 506 294 313 113
Route 11: 330 47 417 247 60 175 516 121 222 229 194 476 179
Route 12: 420 523 501 571 28 442 496 138 4 368 396 404 180
Route 13: 233 376 416 564 381 350 508 312 392 218 484
Route 14: 384 354 492 490 572 333 260 62 389
Route 15: 111 510 258 560 546 99 14 581 365 451
Route 16: 518 595 104 594 98 241 236 227 185 445
Route 17: 577 142 226 457 344 21 96 362 37 317 265 8
Route 18: 88 346 285 215 300 58 293 436 66 64
Route 19: 9 63 261 191 337 380 270 2 27 70 397 296
Route 20: 551 592 322 19 391 193 92 214 100 502 186
Route 21: 155 580 463 45 412 342 415 40 525
Route 22: 239 418 575 291 208 206 286 106 424 548 499
Route 23: 531 537 149 160 31 383 110 409 359 407 280
Route 24: 519 315 112 205 42 298 114 450 495 168
Route 25: 532 268 434 196 257 67 498 460 372 584 491 295
Route 26: 547 211 556 302 309 347 507 209 54 549
Route 27: 479 533 374 128 176 69 12 213 290 81 552
Route 28: 3 103 535 349 461 264 133 125 304 410 570 486
Route 29: 355 267 170 487 319 212 74 574 307 132 83 153
Route 30: 431 586 107 183 283 324 563 473 89 156 80 423
Route 31: 190 357 52 130 44 446 263 541 432 277 85
Route 32: 148 524 203 522 480 119 591 411 443 171
Route 33: 440 5 465 262 554 343 325 198 567 356 583
Route 34: 413 53 448 39 587 530 555 151 266 124
Route 35: 20 540 542 596 336 201 122 382 24 472 11
Route 36: 521 590 117 527 400 35 373 165 93
Route 37: 192 248 79 328 217 405 273 97 311 279 43
Route 38: 414 72 466 87 370 481 126 394 102 195 422
Route 39: 569 246 204 29 589 534 164 387 281 314 216 467
Route 40: 509 471 230 237 388 299 187 406 447 255 225
Route 41: 276 429 245 301 559 143 272 430 271 520
Route 42: 482 292 174 25 232 441 433 578 41 335 455
Route 43: 140 310 565 526 78 231 243 553 544 366 134
Route 44: 536 444 371 573 305 339 513 514 274
Route 45: 16 150 51 144 469 353 326 199 437
Route 46: 288 136 135 539 489 287 485 32 428 528
Route 47: 449 453 115 297 378 91 505 435
Route 48: 147 73 478 57 141 352 403 182 585 108
Route 49: 139 275 249 15 65 497 494 82 105 240 488
Route 50: 351 169 26 49 588 341 220 269 46
Route 51: 458 459 545 379 561 48 207 323 159 503
Route 52: 538 550 253 493 408 363 162 375 377
Route 53: 1 395 439 84 426 219 454 129 145 369
Route 54: 152 512 116 543 172 504 364
Route 55: 254 361 470 558 402 184 515 200 123
Route 56: 259 101 210 401 161
Route 57: 386 427 599 477 7 278 483
Route 58: 157 6 385 94 95 22 438
Route 59: 306 462 456 327
Vehicles: 59
Distance: 18993.23
