Route 1: 13 359 172 234 185 186 257 117 502 239
Route 2: 266 237 280 153 222 16 56 388 364 336 348 140 194
Route 3: 71 235 277 75 166 522 103 2 461 248 401 22
Route 4: 233 118 26 526 303 78 435 590 538 292 247 479 436
Route 5: 302 230 42 198 417 112 106 369 145 288 404 269
Route 6: 556 586 318 486 500 546 316 147 315 128 122
Route 7: 261 434 414 267 6 123 456 473 19 25 157 371 125 283 463
Route 8: 263 101 60 343 175 148 360 568 510 47 138 114 362 309 89
Route 9: 4 423 229 73 139 88 256 113 432 225
Route 10: 550 43 243 193 583 62 490 208 276 523 594 311
Route 11: 398 110 221 126 430 444 593 516 499 219 37 50
Route 12: 167 384 482 475 355 353 184 205 77 29 130 163 272
Route 13: 104 445 54 210 494 527 143 204 474 365 265 64 495
Route 14: 207 174 408 313 331 102 116 100 212
Route 15: 356 429 192 121 244 511 450 467 68 271 310 505 161
Route 16: 338 386 462 201 549 448 405 501 93 294 396
Route 17: 38 245 597 459 127 281 72 159 370
Route 18: 150 39 160 10 387 580 335 195 478 36 20
Route 19: 264 293 31 240 63 251 577 498 592 109
Route 20: 563 469 223 449 528 187 86 306 324 182 169
Route 21: 354 177 376 512 250 481 90 285 197 154 443 366
Route 22: 581 421 214 564 518 270 488 262 493 553 181 3
Route 23: 451 132 151 422 95 466 218 96 241 133 323 99
Route 24: 413 378 574 569 337 274 399 290 46 190 572 427 578
Route 25: 411 477 156 389 74 517 412 158 361 363 345
Route 26: 508 347 231 171 382 287 199 525 21 561 188 200
Route 27: 515 196 350 84 428 216 375 66 92 27
Route 28: 24 424 385 296 559 273 79 433 503 51 268 352 213 340
Route 29: 176 339 379 440 552 178 7 507 470
Route 30: 579 439 431 535 409 82 452 259 415 400
Route 31: 377 179 202 419 402 81 32 344 372 9 142 11
Route 32: 514 599 278 531 596 513 496 406 232 329 487 393
Route 33: 570 189 289 407 600 357 41 52 85 453 12 286 465 137 374
Route 34: 162 260 506 94 298 209 328 155 304 15 17
Route 35: 226 551 252 555 582 476 437 426 333
Route 36: 504 540 326 489 533 173 97 253 129 255 40
Route 37: 457 1 547 368 291 105 484 206 567 70
Route 38: 480 59 327 136 565 464 144 91 203 521
Route 39: 170 558 383 300 227 485 351 119 566
Route 40: 320 330 183 544 299 168 458 61 48
Route 41: 539 537 249 403 425 65 191 497
Route 42: 598 595 492 284 297 576 134 217 587 588
Route 43: 418 58 573 69 391 146 472 442 441 562 83
Route 44: 367 392 471 346 519 319 420 254 124 53 589 557
Route 45: 529 509 108 390 275 342 164 483 307 317 135
Route 46: 224 438 321 542 380 180 279 211 543
Route 47: 45 18 530 165 554 591 76
Route 48: 584 55 301 34 33 447 548 381 87
Route 49: 416 228 258 246 334 373 8 575
Route 50: 120 524 314 28 115 215 332 44 111
Route 51: 282 308 30 460 236 532 98 80
Route 52: 152 107 242 341 545 397
Route 53: 322 491 394 454 14
Route 54: 455 312 358 5 585 536
Route 55: 325 238 520 220 131 349
Route 56: 410 67 149 571 57
Route 57: 534 468 295 35 23 141 49
Route 58: 395 446 305 541 560
Vehicles: 58
Distance: 28447.15
