Route 1: 446 434 26 211 363 178 526 134 79 78 600 270 348 44 127 332
Route 2: 487 440 438 488 28 512 566 62 267 228 309
Route 3: 395 37 214 346 96 344 599 453 174 390 551 1 237
Route 4: 47 290 386 224 347 222 149 297 391 103 199
Route 5: 535 202 443 341 416 294 492 580 221 33 45 523 230 293
Route 6: 550 596 385 456 296 177 451 255 235 185
Route 7: 63 55 547 375 2 275 352 284 6 23 87
Route 8: 418 112 99 420 163 90 366 491 392 93 225 585
Route 9: 162 427 553 522 216 564 379 474 480 241
Route 10: 276 354 5 173 358 133 66 425 568 231
Route 11: 295 349 423 543 476 383 143 326 273 198 268
Route 12: 415 289 449 469 59 439 303 136 239 570 336
Route 13: 188 382 246 138 104 419 412 43 422 544 287
Route 14: 256 299 76 508 598 572 205 232 569 485
Route 15: 518 549 98 496 442 319 48 505 591 135 35 481 49
Route 16: 244 100 331 234 186 340 75 10 468 557
Route 17: 588 527 31 586 240 60 242 17 542 355 8 495
Route 18: 21 436 555 561 428 562 73 343 36 479 370 563
Route 19: 448 168 433 196 171 548 461 217 193 3 102
Route 20: 533 11 389 458 459 197 464 311 179 539 190 573
Route 21: 342 325 482 521 19 128 238 567 457 32 260
Route 22: 452 67 305 421 119 304 208 4 560 115 426
Route 23: 490 454 14 445 509 69 92 81 229 58 243 310
Route 24: 394 353 362 34 357 447 361 156 204 148 220
Route 25: 283 18 22 320 180 571 519 405 146
Route 26: 409 530 400 170 250 182 583 84 249 351 52
Route 27: 514 441 161 120 324 407 206 531 266 201 140 408 587
Route 28: 83 300 150 212 313 219 282 367 157 291 259
Route 29: 429 20 252 537 384 142 158 558
Route 30: 132 46 247 403 471 417 191 589 53 579
Route 31: 510 597 497 302 9 80 89 94 253 7 147
Route 32: 333 263 194 56 121 517 165 501 207 500
Route 33: 30 424 381 372 322 473 91 307 365 86 541 144 545 536
Route 34: 123 507 520 538 88 399 215 559 117 77 164 398 213 364
Route 35: 455 109 181 489 316 106 581 272 57 137
Route 36: 129 24 301 404 27 139 254 577 493 281 360
Route 37: 248 397 318 463 189 552 184 330 339
Route 38: 245 85 152 502 525 124 107 430 444 125 368
Route 39: 16 594 258 494 51 227 68 131 203 97 529
Route 40: 71 515 13 64 472 70 334 54 401 475 110 176
Route 41: 556 95 393 504 396 414 153 141 226 314 576
Route 42: 271 413 460 437 298 101 486 72 328 166 160
Route 43: 323 327 29 462 584 118 288 269 432 574
Route 44: 126 15 373 546 167 172 329 41 359
Route 45: 337 371 498 114 108 264 38 145 82 534 465
Route 46: 350 484 192 387 516 431 411 113 317 511 155 105
Route 47: 154 321 595 195 285 169 435 466 286
Route 48: 274 565 478 236 499 312 506 345 380 223
Route 49: 42 575 524 483 278 159 450 306 513 61
Route 50: 279 187 292 40 540 377 477 388 116 378
Route 51: 554 376 592 218 374 74 470 410 50 183 111
Route 52: 39 308 262 25 210 65 265 209 277
Route 53: 503 151 257 532 130 233 406 582 467 369 122
Route 54: 356 593 280 590 402 200 578 338 335 315
Route 55: 12 251 175 528 261
Vehicles: 55
Distance: 22578.96
