Route 1: 166 70 61 34 530 369 507 199 232 296 334 115 221 504 482 306 209 486 539 461 253 480 285 402 263 381 524 409 511 60 389 442 471 90 376 437 66 548 251 114 439 395 154 453 119 458 567 147 141 467 358 25 469 364 430 1 45 456 547 98
Route 2: 532 118 301 470 417 93 528 18 295 174 281 550 185 126 231 92 436 343 257 15 71 220 589 597 113 304 319 215 438 587 128 246 499 289 59 577 49 217 167 564 238 28 27 576 249 365 23 558 408 579 534 508 196 460 282 560 124 353 143 5 465
Route 3: 17 429 137 111 7 298 117 30 122 516 586 584 593 522 595 286 425 344 142 345 305 31 202 447 112 462 474 136 318 85 518 401 280 367 535 352 283 380 42 329 260 105 554 150 466 33 11 8 416 52 557 581 273 324 36 399 379 177 483 393 323
Route 4: 80 270 596 495 50 152 299 157 223 412 148 360 101 102 526 375 362 14 419 377 88 158 212 440 248 79 349 276 426 103 187 138 498 10 284 513 463 488 383 312 256 58 531 278 346 180 204 99 493 186 129 424 542 69 192 451
Route 5: 421 457 165 472 290 176 43 327 340 46 181 146 55 308 261 307 205 264 592 371 594 566 428 407 378 178 89 563 200 208 582 328 373 514 500 578 449 545 478 131 366 274 410 219 86 194 427 191 121 572 240 226 384 241 479 35
Route 6: 275 288 250 83 585 130 422 569 356 87 355 106 481 448 127 361 322 331 160 97 20 26 94 151 29 342 546 57 125 144 455 132 454 325 487 368 287 262 243 139 247 599 386 552 406 501 82 477 269 536 245 65
Route 7: 523 22 433 591 179 9 210 492 233 525 67 168 172 302 494 271 543 565 326 75 229 225 484 363 4 330 74 68 423 218 224 140 268 574 47 519 404 491 339 100 267 76 435 441 533 95 568 496 556 84 512 207 432 590
Route 8: 107 391 473 553 347 314 555 418 182 506 388 372 222 583 580 570 266 382 236 544 39 317 54 551 108 242 255 265 64 452 413 520 163 3 559 431 63 521 540 259 489 190 6 235 239 321 175 309 320 41 91 332 415 254 537 485 392 387
Route 9: 123 529 198 237 468 19 351 490 104 291 21 96 390 279 213 598 336 252 206 244 370 503 216 445 48 341 311 258 434 297 398 348 72 450 170 502 411 109 464 354 171 400 133 333 184 12 228 37 541 81 161 446 475 385
Route 10: 444 527 316 459 337 169 571 16 227 189 120 420 497 155 443 293 116 201 211 193 149 203 77 509 153 573 394 396 195 234 145 338 73 24 2 78 505 335 164 56 476 159 374 300 315 44 359 277 156 310
Route 11: 197 350 357 549 515 313 294 214 110 272 600 510 561 517 183 230 562 588 13 51 173 538 32 53 134 62 38 292
Route 12: 162 397 40 403 303 575 405 188 135 414
Vehicles: 12
Distance: 16314.41
