Route 1: 440 332 127 44 438 363 134 211 526 178 26 434 446 293 535 416 418 551 344 174 599 96 453 346 214 37 390 550 224 347 222 297 149 235 487 296 76 569 385 456 485 596 237 232 177 572 424 392 158 45 537 366 93 395 386 228
Route 2: 103 391 199 451 299 256 508 598 448 168 372 16 473 545 144 365 258 86 307 91 594 357 362 102 570 527 409 242 170 400 530 60 49 31 17 583 542 469 8 291 220 148 353 557 3 588 239 336 136 185 303 439 351 249 495 87
Route 3: 231 79 63 375 55 474 326 383 476 518 379 543 423 6 480 564 427 522 276 354 553 5 568 382 173 133 188 138 104 358 198 66 425 419 443 202 75 244 331 14 454 426 340 234 186 10 468 78 290 268 230 1 585 255
Route 4: 47 162 600 295 488 28 2 566 547 275 352 512 62 284 23 348 267 349 520 123 591 311 538 458 88 399 215 398 164 559 77 197 459 389 11 359 481 270 563 273 216 98 442 405 319 48 533 464 15 190 539 179 35 573 135 549 73 305 208 370 241
Route 5: 221 33 580 90 163 420 492 325 521 333 128 194 260 490 81 100 309 112 341 294 121 482 238 252 125 567 165 176 30 376 410 257 554 50 444 384 20 19 501 32 500 207 159 431 223 509 278 513 209 517 369 277 99 457 429 225
Route 6: 143 505 21 555 22 562 428 67 452 283 343 436 36 479 510 597 339 146 184 298 330 552 397 89 189 437 413 80 463 271 318 248 4 94 58 18 561 571 320 496 246 412 287 92 69 544 229 7 304 119 421 115 360 43 523
Route 7: 289 46 140 455 132 266 52 206 407 201 247 403 181 589 137 53 514 191 120 161 441 324 109 281 24 110 404 301 493 471 27 13 71 54 254 334 515 139 401 327 70 435 466 129 475 64 316 272 581 417 531 408 59 587 415 449
Route 8: 491 56 263 430 187 114 498 38 371 245 183 108 124 525 292 502 107 529 152 85 145 377 97 536 558 433 193 361 447 156 204 196 40 465 534 337 264 203 200 402 338 151 388 171 82 279 368 142 477 116 322 381 205
Route 9: 586 213 497 302 9 565 12 274 560 310 160 72 524 483 445 42 147 380 122 328 575 253 243 155 511 450 113 516 306 317 61 101 486 345 251 499 105 236 117 478 506 312 528 315 261 460 507 286 250 472 579
Route 10: 364 577 593 153 414 396 323 393 226 84 240 83 394 118 150 212 288 313 219 282 432 269 367 548 461 131 68 541 51 494 227 503 590 280 141 576 95 584 29 356 126 57 574 157 462 314 182 342 300 578 335 34 259 285
Route 11: 166 484 350 192 373 41 329 172 546 321 154 167 106 489 504 556 378 355 217 233 532 308 265 180 519 595 169 111 406
Route 12: 422 411 387 65 210 582 467 262 25 39 74 540 470 130 218 374 592 175 195
Vehicles: 12
Distance: 16647.08
