Route 1: 13 266 239 556 71 302 101 112 388 417 16 359 222 248 364
Route 2: 261 263 233 550 264 322 526 280 277 117 185 186 257
Route 3: 104 4 56 106 172 463 109 288 269 436 237
Route 4: 502 207 398 75 38 336 354 230 235 432 225
Route 5: 118 128 150 581 167 303 78 435 590 475 122 538
Route 6: 60 234 176 25 153 404 510 47 138 198 362 309 369 194
Route 7: 413 356 401 166 271 114 310 370 505 578 161 522 22 348
Route 8: 451 338 586 24 318 377 527 43 486 462 208 204 276 124
Route 9: 563 192 42 274 244 450 72 467 68 140 137
Route 10: 371 293 157 518 520 488 305 560 6 247 479 434 169
Route 11: 26 546 408 29 500 405 243 594 396 311 495 265 366
Route 12: 139 508 73 229 423 461 221 430 50
Route 13: 515 551 145 449 226 223 389 89 360 148 175
Route 14: 2 245 429 411 378 574 327 121 511 182
Route 15: 414 267 482 473 292 541 262 456 123 283 493 181 3
Route 16: 256 347 88 343 296 583 81 188 200 193 523 474 113
Route 17: 443 179 37 447 402 219 499 365 516 593 126 103
Route 18: 315 205 514 95 77 212 94 130 387 85 15 259 163 272
Route 19: 386 174 20 506 422 313 147 316 331
Route 20: 469 375 187 324 337 555 306 144 464 91 203 158 412
Route 21: 39 10 57 19 400 155 355 349 470 80
Route 22: 162 201 549 490 62 501 79 448 294 36
Route 23: 384 339 218 580 96 143 323 496 406 340 102 116 478 133
Route 24: 481 110 250 90 173 97 253 129 255 597 40 459 427 46
Route 25: 570 579 439 31 421 564 189 125 270 409 251 214 240
Route 26: 477 196 428 363 361 437 426 568 74
Route 27: 238 82 105 374 446 452 17 415 206
Route 28: 195 99 599 132 151 278 529 466 379 335 7
Route 29: 445 385 210 584 424 561 525 142 344 32 372 9 11
Route 30: 64 199 287 21 231 202 246 171 382 93
Route 31: 177 376 504 127 320 399 491 183 330 281 190 572 512
Route 32: 308 216 577 63 66 498 92 350 345
Route 33: 159 136 458 569 14 61 48 521
Route 34: 598 410 27 453 492 284 41 12 351 592
Route 35: 184 152 403 539 100 178 209 160 164 353
Route 36: 86 252 582 528 84 156 554 333
Route 37: 457 170 282 368 383 291 431 300 227 484 567
Route 38: 326 540 418 58 533 573 444 373 197 154 517
Route 39: 325 537 393 509 108 328 65 425 507 497
Route 40: 480 59 565 168 299 519 346 391 543 442
Route 41: 260 215 213 332 273 559 494 87 54
Route 42: 228 416 419 285 380 441 211 8 562
Route 43: 535 558 595 455 297 52 485 286 553 407 566 465
Route 44: 489 224 69 472 321 290 67 544 279 254 575 557
Route 45: 547 1 242 107 30 220 236 460 304 191 532
Route 46: 531 329 298 440 487 552 275 342 241 44 307
Route 47: 217 45 588 18 530 165 536 591 76 134 476
Route 48: 596 120 28 513 51 468 548 503 433 268 352 232
Route 49: 258 334 55 381 141 49 33 524
Route 50: 392 367 589 454 471 394 319 571 53
Route 51: 312 289 600 357 358 5 585 119 576 587
Route 52: 249 317 390 341 111 545 397 98 135 483
Route 53: 146 542 438 420 149 180 83
Route 54: 301 534 395 115 35 295 23 314
Route 55: 34 131 70
Vehicles: 55
Distance: 25895.19
