Route 1: 296 187 652 130 376 574 279 483 134 236 619 314 632 728 525
Route 2: 204 61 148 716 217 395 59 258 267 362 586 94 786 121
Route 3: 183 64 643 375 519 103 176 332 563 629 541 90 349 144
Route 4: 115 538 157 613 25 484 737 460 129 250 599 91
Route 5: 430 170 494 24 777 173 794 575 698 329 34
Route 6: 266 684 399 736 615 782 153 505 274 33 287
Route 7: 775 740 184 452 752 179 453 212 238 455 626 2 146 208
Route 8: 602 111 318 796 200 448 528 601 352 635 467 641 482 600
Route 9: 37 789 152 87 36 466 15 787 28 301
Route 10: 588 83 598 651 560 785 106 673 231
Route 11: 725 215 360 604 780 340 546 194 584 58 195 596
Route 12: 439 493 100 593 490 86 666 591 356 131 224
Route 13: 408 120 276 259 277 269 197 206 6 555 182 338
Route 14: 351 680 85 605 41 686 380 567 498 702 226 371
Route 15: 239 685 639 536 423 440 198 374 410 709 169
Route 16: 339 158 165 88 776 462 799 282 548 612
Route 17: 676 396 63 611 55 278 117 623 17 479 414
Route 18: 783 644 341 155 577 608 317 561 337 74
Route 19: 559 331 442 674 638 411 162 656 534 304
Route 20: 78 487 265 645 678 300 509 114 710
Route 21: 475 242 589 51 506 92 178 216 583 294 642 569
Route 22: 247 116 723 763 222 42 140 403 667 53 60 517 49
Route 23: 315 309 225 697 243 174 7 581 113 438 743 298
Route 24: 388 323 531 788 735 682 383 361 662 346 368 66 424
Route 25: 578 580 722 344 502 191 660 572 330 469 29
Route 26: 16 98 377 245 10 1 381 767 102 495 719
Route 27: 446 511 320 133 181 109 252 286 597 57 257 23 221
Route 28: 456 355 471 497 413 166 289 295 450 62 391 241 150 458
Route 29: 537 499 557 741 672 326 76 180 609 398 464
Route 30: 137 31 653 244 251 261 457 703 610 443
Route 31: 504 647 754 272 13 558 188 324 755 425
Route 32: 765 659 607 500 711 358 283 726 172 168 397 199 202
Route 33: 80 404 508 670 48 167 757 316 745 412
Route 34: 658 128 275 21 264 189 237 306 529 688 764 579 207
Route 35: 81 110 268 54 679 731 52 107 633
Route 36: 704 472 681 196 566 544 451 592 759
Route 37: 727 774 293 124 405 218 441 663 56 70
Route 38: 302 353 700 791 223 310 622 744 603 489 524 695 327
Route 39: 220 292 201 491 290 689 543 675 507 186 77 435
Route 40: 481 694 721 69 501 496 136 364 22 625 454
Route 41: 409 751 724 706 571 159 718 692 512 729 336 701 444
Route 42: 65 657 648 359 4 108 753 739 671 219
Route 43: 335 67 177 486 89 235 93 156 436
Route 44: 357 185 8 445 690 347 649 95 119
Route 45: 211 417 45 342 720 105 312 39 9
Route 46: 758 365 291 790 420 135 677 190 246 784
Route 47: 50 748 749 715 255 542 594 628 552 149 468
Route 48: 433 101 418 551 161 474 620 387
Route 49: 463 230 233 761 363 393 712 333 535 478 370
Route 50: 717 606 73 141 733 305 429 473 797 227 389 730
Route 51: 138 394 422 334 44 104 539 260 280 447 514 485
Route 52: 402 585 164 75 263 400 19 40 20 756 126
Route 53: 431 343 171 192 750 256 587 768 123 738 428 369 350
Route 54: 384 661 319 650 213 125 476 373 699 550 621
Route 55: 532 96 234 154 570 547 32 522 406 308 299 510 771 313
Route 56: 518 84 372 470 459 14 240 503 480 669 288
Route 57: 554 646 565 147 618 437 770 71 366
Route 58: 636 627 655 640 390 367 322 582 793 307 564
Route 59: 97 732 477 520 734 139 214 614 705
Route 60: 527 573 434 328 562 407 160 654 285 416
Route 61: 515 143 637 354 205 262 249 746
Route 62: 303 634 742 46 795 12 175 72 142
Route 63: 68 248 3 769 792 781 273 762 232 321
Route 64: 713 378 379 488 122 271 664
Route 65: 26 798 540 687 38 228 229 79 311 714 210
Route 66: 419 513 708 521 82 99 30 325 203 683
Route 67: 624 465 345 35 617 549 449 800 27 595
Route 68: 693 281 766 772 18 523 616 556 707
Route 69: 668 432 533 492 665 118 630
Route 70: 415 421 254 401
Route 71: 386 590 778 253 385 11
Route 72: 576 151 516
Route 73: 553 43 631 112 526 691 348
Route 74: 209 163 545 127 132 392
Route 75: 461 760 193
Route 76: 747 47
Route 77: 382
Route 78: 773
Route 79: 530
Route 80: 5
Route 81: 568 779
Route 82: 297
Route 83: 696
Route 84: 427
Route 85: 284 145
Route 86: 426 270
Vehicles: 86
Distance: 55961.18
