Route 1: 82 111 437 731 3 690 236 349 766 331 457 71 254 193 191
Route 2: 528 209 439 305 568 529 96 713 443 351 367 778 36 365
Route 3: 472 73 52 507 784 436 737 130 692 652 210 133 162
Route 4: 32 452 12 396 230 199 359 241 412 773 286 216 63
Route 5: 562 99 76 165 629 745 278 301 446 420 714
Route 6: 175 229 391 145 543 524 697 335 392 276 640 239 247 491
Route 7: 772 356 394 661 114 595 358 373 790 269 477
Route 8: 748 755 7 354 120 655 401 610 742 763 268 483 380 679 523
Route 9: 495 379 582 156 29 598 683 474 663 764 296
Route 10: 319 736 513 105 94 203 738 553 572 304 142 416 463
Route 11: 249 534 432 163 2 42 395 701 546 244 398 480
Route 12: 110 346 584 573 492 591 366 485 264 500
Route 13: 368 450 147 503 744 631 198 657 274 10 149 486
Route 14: 316 399 332 30 541 14 26 590 774 614 720 746 600 726 583
Route 15: 360 671 441 752 54 632 320 323 563 727
Route 16: 728 710 67 281 222 430 70 138 512 656 106 352 630
Route 17: 288 549 227 310 733 78 295 602 146 481
Route 18: 645 548 669 314 34 262 555 501 169 482
Route 19: 687 284 55 213 390 48 431 327 407 341 725
Route 20: 509 271 129 337 60 532 411
Route 21: 234 364 161 91 297 40 675 103 385
Route 22: 93 704 521 75 37 309 212 419 756 157 603 556
Route 23: 586 776 785 417 43 188 724 57 711 255 22 118
Route 24: 709 440 522 272 386 677 618 181 638 242 137
Route 25: 132 303 69 628 62 518 793 90 429 194 569
Route 26: 287 637 516 635 779 662 570 644
Route 27: 496 708 787 428 660 214 135 702 751
Route 28: 547 616 685 393 449 620 781 166 388 183 343 504 300 659 636
Route 29: 674 141 122 471 235 498 115 370 85 246 79 427
Route 30: 45 641 653 226 369 97 400 86 497 177 5
Route 31: 717 219 535 282 322 83 611 24 328 767 248 121 542
Route 32: 9 575 211 223 306 564 405 68 84 152 567
Route 33: 668 780 639 578 476 290 167 250 678 336 414 160 410
Route 34: 89 454 345 325 424 791 201 682 456 384
Route 35: 484 721 770 266 442 202 612 313 422 489 459
Route 36: 574 758 435 225 680 180 623 176 468 609
Route 37: 143 585 51 72 719 311 218 279 769
Route 38: 577 478 604 35 208 342 285 673 74 240
Route 39: 734 796 315 798 102 312 17 426 355 11 377
Route 40: 723 275 739 260 387 16 134 153 797 116
Route 41: 39 670 676 743 517 694 665 451 597 566 402 607
Route 42: 444 735 1 41 98 154 579 438 38
Route 43: 473 557 716 340 788 538 404 124 794 689 293 292 761
Route 44: 759 95 494 681 537 58 540 599 515 627 273 92
Route 45: 732 21 619 406 108 775 511 565 712 339
Route 46: 525 238 140 666 27 326 334 348 750
Route 47: 458 159 389 634 783 571 782 464 217 8 418
Route 48: 237 505 15 317 251 530 499 561 760 453 466
Route 49: 409 187 243 487 65 119 490 715 258 795
Route 50: 375 353 372 475 550 469 221 80 488
Route 51: 519 197 256 703 151 479 762 691 625 168 350 771 192 461
Route 52: 672 291 170 633 747 754 777 465 462 376
Route 53: 470 730 768 408 467 4 608 502 126 64
Route 54: 277 127 298 205 189 514 171 423 643 224
Route 55: 648 587 49 696 28 307 693 294 174 433 200
Route 56: 554 270 182 347 289 684 164 109 139 722 263
Route 57: 646 576 207 324 125 363 581 186 413 299
Route 58: 50 527 338 649 531 448 308 206 615 330 552
Route 59: 344 493 253 434 753 415 329 382 624 558
Route 60: 13 588 6 283 729 267 46 397 101 113 302 381
Route 61: 707 700 228 184 321 215 33 357 786 333 150
Route 62: 506 686 383 533 539 757 592 425 800 460 559 81
Route 63: 179 613 526 185 606 792 740
Route 64: 117 220 104 589 231 403 580 789 155 18 361 699
Route 65: 190 650 66 621 261 596 23 520 664 158
Route 66: 204 31 626 233 617 642 371 53 706 605 245
Route 67: 651 59 447 362 695 232 374 112 148 172
Route 68: 601 257 196 622 455 594 536 688 136 593 799
Route 69: 421 44 698 445 545 265 280 378 77 123
Route 70: 47 100 107 20 173 647 654 259 667 658 510
Route 71: 749 25 195 178 144
Route 72: 765 131 741
Route 73: 544 252 705 718 128 88 87 551 56
Route 74: 318 508 19
Route 75: 61 560
Vehicles: 75
Distance: 38353.11
