Route 1: 191 528 32 254 523 437 690 236 349 766 73 3 784 737 391 652 133 543 145 162 692 130 229 436 52 485 331 507 472 71 524 644 776 730 586 234 392 335 486 384 118 111 365 269 629 146 429 92 602 568 745 396 216 359 199 230 193 82 714 477 305 367 286 63
Route 2: 562 319 764 156 582 645 29 450 379 495 368 175 697 671 105 513 142 94 149 631 683 598 503 147 161 463 10 441 632 752 572 54 323 553 203 416 727 563 474 274 262 297 670 417 676 682 377 40 761 91 364 210 239 457
Route 3: 301 446 420 99 356 772 36 443 778 209 439 316 412 725 122 327 471 141 341 407 386 395 2 701 337 163 546 398 12 431 235 342 498 735 353 242 115 738 452 769 98 246 80 79 279 85 636 427 679 296 673 213 390 48 773
Route 4: 247 640 385 366 660 264 637 287 346 584 573 496 668 491 708 428 492 410 516 160 315 796 102 798 702 751 214 135 635 779 662 591 110 352 106 512 656 542 483 328 224 322 171 514 348 430 748 500 787 535 298 24 709 380
Route 5: 360 736 45 641 548 669 314 76 394 521 704 114 358 93 37 165 481 774 746 614 720 227 590 78 211 733 14 529 26 96 69 295 583 68 65 564 623 574 567 687 388 418 217 137 405 176 143 795 541 284 609 782 8 531 464 468 84 180
Route 6: 728 67 222 480 432 534 272 271 129 522 509 532 60 411 755 401 7 742 610 354 120 655 710 763 268 138 219 27 666 767 238 326 248 140 282 578 639 290 476 570 250 283 729 148 112 630 502 451 517 467 43 456 167 731 255 64 22 276 278
Route 7: 616 55 399 332 30 549 288 713 565 515 540 537 793 309 790 75 373 661 419 628 756 95 62 759 599 681 90 494 344 519 151 479 518 212 762 194 273 157 653 569 413 603 253 434 192 556 81 794 369 501 304 657 245 706 158 625 771 226 169
Route 8: 685 393 585 351 547 674 244 42 440 70 525 334 754 777 465 672 749 587 594 622 189 291 170 770 127 633 747 257 601 196 593 195 648 612 455 20 173 376 277 459 618 221 372 313 181 49 200 1 41 249 241 444 638 442
Route 9: 132 320 744 177 275 497 86 716 557 400 198 626 31 538 788 404 340 689 723 16 134 347 182 184 164 684 289 109 139 665 408 768 402 797 414 188 113 263 215 357 293 153 663 555 34 292 566 333 786 33 126 741 116 5 150
Route 10: 311 458 9 600 575 152 303 703 256 197 179 445 252 544 613 493 691 526 650 425 190 545 606 265 168 595 350 383 533 539 592 757 642 88 617 261 596 233 482 800 329 406 619 753 19 56 299 740 775 627 186 108 339
Route 11: 89 484 281 717 121 466 13 453 561 760 588 426 15 312 505 237 355 724 57 17 317 530 499 251 711 6 374 397 232 695 101 362 267 302 785 643 659 678 780 83 750 462 144 611 381 336 266 202 178 536 799 25 205 422 489 721
Route 12: 218 577 478 35 389 343 449 758 159 243 409 435 504 604 208 300 166 72 51 620 781 183 306 223 310 225 680 571 38 634 719 117 119 580 789 308 581 206 448 370 123 361 699 726 783 280 285 77 579 552 18 154 510 74 378 488 615 461
Route 13: 375 187 438 330 240 475 47 28 433 693 107 647 677 204 259 654 550 469 658 667 696 734 11 423 321 597 44 624
Route 14: 675 103 424 791 454 345 470 270 554 607 325 39 201 739 124 97 551 792 382 415 53 605 371 66 131 172 621 664 698 185
Route 15: 558 58 646 576 511 421 363 21 324 207 125 712 732 231 104 490 527 715 155
Route 16: 258 220 589 649 338 50 487 61 560
Route 17: 559 506 260 473 387 700 228 722 694 707 743 765
Route 18: 686 318 23 508 520 460 87 128 718 705
Route 19: 403
Route 20: 608 46 651 59 4 447 136 688
Route 21: 100 307 174 294
Vehicles: 21
Distance: 33841.26
