Route 1: 520 233 584 485 493 273 1 618 344 559 653 592 788 94 508 218 2 418 68 393 288 275 329 623 231 136 267 784 647 20 82 13 652 110 423 155 351 590 507 436 71 74 331 47 377 672 703 382 221 103 46 400 667 251 501 571 237
Route 2: 452 279 44 127 526 403 399 12 521 290 315 248 291 440 282 482 216 76 192 405 58 581 210 27 419 182 582 673 235 341 678 333 601 415 4 63 380 348 483 39 767 365 24 372 747 32 184 25 544 589 56 5 580 31 775
Route 3: 684 512 194 236 585 604 297 180 67 144 536 497 643 505 459 100 633 326 498 612 443 335 26 548 51 433 420 106 422 383 437 389 561 568 718 518 397 797 778 743 156 379 90 345 454 481 244 131 128 239 627 611 553 371 57 161 609
Route 4: 139 614 381 451 749 384 222 771 16 225 575 552 391 591 527 474 533 698 668 721 40 280 639 640 424 108 246 492 789 97 710 715 439 773 490 734 630 586 753 402 637 506 519 489 477 224 417 227 191 217 215 328 579
Route 5: 712 566 202 373 729 340 168 254 23 111 625 573 762 456 556 707 320 444 338 363 322 535 655 421 177 766 776 98 473 593 438 249 636 308 680 787 18 312 401 36 314 395 750 70 517 620 240 368 247 555 603 266 60 429 55 9 723 316 277
Route 6: 407 616 658 722 755 80 50 430 143 632 317 495 250 768 313 281 256 664 644 534 374 375 72 174 469 635 449 17 358 669 243 197 532 659 594 744 287 183 409 89 137 228 662 206 285 524 466 208 296 464 272 300 201
Route 7: 733 475 172 416 785 15 428 207 390 370 65 699 572 10 211 689 782 33 361 702 792 663 48 79 528 118 576 101 693 740 692 550 795 694 523 730 264 657 696 484 687 175 274 539 357 791 376 95 642 145 219 631 42 230 113 159 681
Route 8: 720 442 126 87 587 695 772 88 188 794 142 641 425 724 150 49 120 386 448 299 21 78 181 337 271 769 542 193 167 530 35 583 205 434 793 141 226 515 629 114 263 780 700 514 268 81 557 129 458 551 362 38 124 190 569 783 759
Route 9: 352 11 255 719 752 688 92 727 679 356 748 677 649 706 364 22 600 648 682 543 109 406 102 529 739 728 213 764 149 621 480 665 540 537 387 294 411 660 760 318 441 75 467 398 445 134 646 133 359 200 164 353 69 152 54 179 396 209 404 763
Route 10: 414 463 711 494 457 704 670 622 606 116 538 654 563 86 686 674 770 306 510 59 761 800 34 83 220 62 567 158 701 321 570 562 96 607 446 413 198 564 91 138 178 725 460 756 496 234 223 691 513 323 29 286 238 85 14 303 461 683 7
Route 11: 176 394 117 112 650 588 685 426 37 148 499 736 130 187 628 757 160 675 388 64 283 332 140 93 471 595 746 547 302 717 195 554 270 504 173 765 292 615 735 726 617 121 431 43 713 741 360 453 278 339 598 199 45 53 709 427 385 378 185 293
Route 12: 105 455 525 619 153 304 597 656 558 522 52 289 6 578 319 189 354 708 408 104 107 786 151 169 697 798 732 754 666 298 478 241 751 245 779 624 163 334 634 305 366 608 742 61 596 343 242 626 41 186 468 260 450 325 432 307
Route 13: 115 602 491 196 714 269 119 758 661 574 774 232 599 336 690 295 349 541 347 737 671 610 546 412 253 367 511 799 330 265 410 214 549 479 605 30 284 8 462 77 560 157 171 531 731
Route 14: 369 777 486 309 651 705 28 301 125 487 170 500 738 73 258 676 146 259 311 503 204 165 66 252 324 135 212 166 229 638
Route 15: 577 465 509 470 262 502 84 476 488 342 147 19 565 310 745 276 132 154 261 346 203 545 435 790
Route 16: 350 327 447 99 123 516 355 472 645 392 3 781 257 796 122 716
Route 17: 162 613
Vehicles: 17
Distance: 42382.18
