Route 1: 16 652 796 404 407 396 24 326 445 617 247 87 615 51 352 466 517 655 307 249 533 525 351 690 387 206 218 741 718 474 29 347 595 674 375
Route 2: 666 52 416 735 491 202 673 496 556 153 429 127 45 777 164 476 109 104 720 637 358 410 527 235 317 633 654 274 645 465 767 487 23 281 622 592
Route 3: 116 607 112 566 702 411 60 185 378 630 237 55 266 142 6 728 359 656 390 752 4 535 778 734 66 549 431 49 569 48 444 364 154 414 800 738 676
Route 4: 661 618 106 140 190 689 341 365 580 262 799 587 551 95 555 13 257 521 225 149 470 492 336 345 71 334 255 103 354 719 781 256 152 751 75 139
Route 5: 408 195 179 181 531 772 203 146 265 391 134 685 663 484 518 399 422 77 222 766 780 745 220 74 156 579 794 299 295 283 482 716 631
Route 6: 515 92 420 224 36 576 135 649 526 246 543 568 686 145 438 68 749 107 786 215 753 570 619 486 162 450 330 251 27 205 287 477 678 501 186 572
Route 7: 214 788 241 660 371 96 231 754 313 705 552 437 91 710 226 682 462 118 442 560 509 611 383 432 53 530 21 441 273 547 86 537 590 597 327 293
Route 8: 321 604 163 339 129 280 669 691 740 270 774 314 616 126 258 362 17 279 188 511 196 33 63 114 65 554 677 285 110 662 461 306 455 679
Route 9: 147 2 413 524 332 191 747 448 703 519 242 84 553 451 505 514 665 647 201 59 500 424 522 586 746 460 221 504 376 591 548 708 563
Route 10: 100 88 744 83 5 324 456 760 367 26 264 402 779 50 610 323 234 709 785 394 540 355 596 356 208 111 194 541 608 724 128 219 189 373
Route 11: 567 625 28 19 81 603 143 748 175 433 155 428 644 119 412 733 344 602 131 254 463 46 291 473 308 493 8 275 598 148 171 210 388 395
Route 12: 337 335 228 446 223 427 263 302 639 447 614 379 382 458 353 243 494 11 10 485 646 506 532 739 41 180 14 232 578 711 174 512 363
Route 13: 699 316 3 253 340 672 564 634 305 32 478 623 683 319 498 298 675 508 577 102 687 792 729 31 346 343 43 372 712 797 502 144 795 701 393 507
Route 14: 236 37 726 384 723 310 704 113 138 571 539 294 415 756 245 789 261 403 292 34 468 67 696 173 381 457 276 78 558 385 301 664 193
Route 15: 436 284 769 776 207 583 692 170 464 248 480 643 199 562 80 132 374 697 770 177 773 628 671 98 765 58 90 499 542 658 7 61 642 523 488
Route 16: 497 108 759 459 212 439 158 782 9 513 737 361 79 688 561 42 443 627 209 169 141 120 417 727 495 659 721 30 82 758 479 732 409
Route 17: 426 20 267 467 472 368 565 440 259 405 725 97 35 585 550 150 389 651 698 320 62 286 44 648 791 606 706 213 529 681 93
Route 18: 400 250 252 300 240 430 680 695 715 700 605 545 121 620 386 475 593 64 406 309 268 471 516 136 768 12 736 288
Route 19: 600 183 360 528 743 167 510 588 217 117 338 137 322 157 640 742 303 449 419 694 653 624 233 297 481 99 227 755 123 349 25 296 546 581
Route 20: 714 594 312 315 798 453 584 73 635 750 161 731 15 559 626 166 380 612 370 397 85 469 290 730 230 348 638 151 39 325 159 22 1 392
Route 21: 70 398 282 575 601 454 56 115 582 668 244 269 168 76 200 793 101 761 434 599 57 377 490 211 423 318 122 69 94 289 717 277
Route 22: 573 304 722 239 216 54 764 278 418 124 178 328 311 204 787 574 763 350 536 421 260 693 333
Route 23: 670 589 105 775 47 636 198 238 331 489 762 609 452 621 366 182 520 538 172 483 783 790 357 272 130 684 657 613 784 629
Route 24: 184 18 133 329 544 641 667 435 342 401 125 197 89 707 40 650 503 557 632 192 425 229 165 757
Route 25: 771 534 38 271 369 176 160 187 72 713
Vehicles: 25
Distance: 18100.37
