Route 1: 713 25 150 243 141 298 749 101 578 618 266 403 525
Route 2: 352 193 743 257 264 336 585 500 569 26 591
Route 3: 487 658 656 315 494 393 604 62 231 228 18
Route 4: 79 577 626 81 729 95 153 37 244 361
Route 5: 176 88 777 496 338 753 350 96 208 22 701 392
Route 6: 7 595 199 612 771 429 334 440 52 459 734
Route 7: 400 278 99 741 372 607 394 236 472 104 419
Route 8: 461 174 737 91 188 20 357 363 156 204 229
Route 9: 115 546 123 716 524 89 587 130 67 596 385
Route 10: 732 706 147 651 748 653 80 428 287 86 717 210
Route 11: 491 616 676 773 186 339 798 234
Route 12: 6 644 691 78 565 649 253 532 778 774
Route 13: 329 511 762 423 274 570 85 685 202 376 411
Route 14: 489 418 519 527 630 223 592 311 267 657 756
Route 15: 56 49 162 185 93 345 476 416 167 513 371
Route 16: 492 722 163 265 725 521 220 568 177 152
Route 17: 129 134 290 786 187 192 11 448 240 360 425 146
Route 18: 38 370 276 498 374 437 709 2 324 135 171
Route 19: 672 159 212 759 21 632 495 686 282 94 602
Route 20: 364 343 42 207 106 246 772 366 326 224 407
Route 21: 222 299 63 788 327 629 331 60 426 301 490
Route 22: 695 556 109 321 173 198 572 283 157 742 118 325
Route 23: 779 750 690 168 251 515 367 666 111 669 474
Route 24: 615 269 726 279 553 704 61 242 754 29 386 105
Route 25: 397 117 427 635 262 252 219 781 285 699 227
Route 26: 27 377 201 800 702 288 114 518 599 260 634
Route 27: 738 191 674 316 48 59 783 610 708
Route 28: 520 68 668 467 597 306 165 19 605 563
Route 29: 226 13 436 535 770 351 705 399 373 230 348
Route 30: 46 379 794 237 636 232 124 684 497 10
Route 31: 574 441 164 549 148 422 652 119 172 136
Route 32: 446 304 195 259 533 733 768 623 464 275 677 166
Route 33: 424 776 516 622 391 450 12 258 575 529
Route 34: 675 663 313 270 178 711 671 689 151
Route 35: 277 235 619 268 603 353 793 214 537 238
Route 36: 74 398 763 221 158 408 318 420 355 728 97 541
Route 37: 291 180 64 314 547 9 745 402 460
Route 38: 384 714 87 213 103 303 358 380 47 344
Route 39: 561 233 169 504 206 647 323 715 406 458
Route 40: 145 620 470 765 139 359 552 643 144 414
Route 41: 601 34 600 670 196 678 784 241 205 160 387
Route 42: 297 471 349 614 769 263 586 795 431
Route 43: 723 538 256 100 43 481 523 755 189 54 194
Route 44: 335 718 131 328 356 15 507 688 502 182 482
Route 45: 369 590 133 216 785 567 154 296 719 200 534
Route 46: 593 736 576 558 720 609 454 432 82 580
Route 47: 439 255 545 543 312 271 330 478 273 724
Route 48: 501 132 608 280 752 143 692 69 76 760
Route 49: 583 641 528 696 71 767 611 751 499 443
Route 50: 375 452 310 447 522 638 588 621 485 340
Route 51: 740 368 462 16 791 382 405 354 707 589 540
Route 52: 530 560 209 300 107 32 582 799 317 697
Route 53: 137 617 417 584 410 23 438 712 50 261
Route 54: 434 247 341 381 703 128 659 396 456 239
Route 55: 664 45 333 30 307 792 395 4 766
Route 56: 41 378 796 598 655 484 215 322 66 35
Route 57: 33 627 442 127 90 31 475 175 121
Route 58: 211 98 625 571 640 39 667 332 183
Route 59: 320 449 70 628 483 110 281 566 337
Route 60: 453 469 789 506 639 550 730 554
Route 61: 744 249 761 687 389 660 579 309
Route 62: 179 55 248 631 557 365 739
Route 63: 493 342 509 531 383 292 413 731 650
Route 64: 421 536 700 295 510 24 581 758
Route 65: 468 661 3 161 463 465 181 542
Route 66: 645 138 120 51 218 84 404 735 455
Route 67: 92 14 346 412 624 73 289 294 548 646
Route 68: 642 477 654 149 787 142 747 633
Route 69: 28 72 559 362 466 36 551 401 444 721
Route 70: 319 451 594 305 694 679 480 473
Route 71: 254 479 457 125 17 790 526 648 272
Route 72: 797 505 122 514 75 190 555 102 170 683
Route 73: 44 433 184 775 435 486 65
Route 74: 83 217 40 284 430 409 250 780
Route 75: 308 764 662 77 390 286
Route 76: 140 710 388 116 512
Route 77: 126 544 245 562 782 613
Route 78: 488 8 197 445 682 564 58
Route 79: 698 302 727 57 113 112
Route 80: 508 681 637 53 293 539 693
Route 81: 155 673 746 680
Route 82: 503 573 225 1 108
Route 83: 347 5 606 415 203
Route 84: 517 757 665
Vehicles: 84
Distance: 41127.14
