Route 1: 87 149 35 152 60 99 121 101 154 97 105 119
Route 2: 132 81 67 150 14 175 56 39 9 174 74 198 110 108
Route 3: 155 55 7 41 36 137 80 64 195 25 182 70 91 197
Route 4: 145 112 30 34 38 84 194 118 183 88 111 59
Route 5: 4 46 54 89 151 125 114 164 141 43
Route 6: 157 72 188 153 166 193 138 37 29 65 82 10
Route 7: 18 120 143 113 176 69 165 124 134 103
Route 8: 147 184 135 133 109 33 167 179 186 107 75
Route 9: 1 161 92 48 146 169 181 53 192 42
Route 10: 106 15 71 12 19 178 129 96 191 190
Route 11: 63 44 117 3 5 68 66 79 116 11 172
Route 12: 158 26 21 31 185 126 156 78 148
Route 13: 13 57 173 163 104 95 136 159 127 47 77
Route 14: 196 73 20 8 98 62 142 40 200 128
Route 15: 140 85 94 100 6 189 58 23 22 102
Route 16: 93 199 86 131 130 160 180 49 28 61
Route 17: 51 50 139 187 171 122 170 17 27
Route 18: 168 123 16 162 76 32 90 177 83
Route 19: 115 2 144 52 45 24
Vehicles: 19
Distance: 6187.23
