Route 1: 142 153 28 163 171 6 49 132 78 162 130 187 150 174
Route 2: 4 92 166 154 66 67 30 64
Route 3: 140 54 89 37 100 9 12 59 139 21 155 82
Route 4: 14 47 180 43 200 63 149 46 138 135 79 19 39 36
Route 5: 182 57 133 147 119 16 40 98 161 72
Route 6: 24 131 48 156 102 183 124 3 136 196 18 44 95
Route 7: 186 172 42 96 141 185 2 34 76 175 97
Route 8: 84 127 105 88 134 58 113 176 69 191 87 17
Route 9: 29 188 173 143 86 114 165 108 38 50 33 81 70 120
Route 10: 15 179 7 68 190 27 167 184 198 126
Route 11: 197 20 10 103 90 110 178 116 80 145 148 83
Route 12: 199 118 144 71 11 137 13 8 60 1 75
Route 13: 85 45 56 117 23 52 31 74 106 22
Route 14: 5 62 122 35 77 26 159 193 93
Route 15: 177 109 160 151 94 189 125 128 65 115 121
Route 16: 169 152 61 111 51 91 146 73
Route 17: 168 99 112 32 129 101 53 192 157
Route 18: 25 104 164 181 170 123
Route 19: 195 41 55 107 194 158
Vehicles: 19
Distance: 4420.07
