Route 1: 45 113 155 78 175 13 43 2 90 67 17 39 107
Route 2: 178 27 154 20 173 24 61 179 100 64 109
Route 3: 62 131 44 120 102 146 68 76 96 28 74
Route 4: 30 19 192 196 97 14 89 105 59 130 198 149
Route 5: 133 48 41 85 31 77 25 172 110 162 15
Route 6: 73 116 12 164 129 11 6 122 139 1 99 53
Route 7: 101 144 119 166 35 126 71 9 37 81 138 137 183
Route 8: 80 40 26 152 169 153 29 123 87 42
Route 9: 148 103 66 147 160 47 91 70
Route 10: 93 55 58 135 184 199 151 16 63 111 56
Route 11: 118 143 83 57 33 176 36 121 165 188 108
Route 12: 190 193 10 5 46 125 128 106 167 34 95 158
Route 13: 38 150 159 114 22 140 187 142 157 117 49
Route 14: 50 156 134 170 112 168 79 145 195 52 92
Route 15: 32 171 124 197 141 69 200 51 174 136 189
Route 16: 161 104 18 127 54 185 132 7 181
Route 17: 23 182 163 21 75 194 98
Route 18: 60 82 180 84 191 4 72
Route 19: 3 8 88 177 186
Route 20: 65 86 115 94
Vehicles: 20
Distance: 3614.70
