Route 1: 113 155 78 175 13 43 2 90 67 17 39 107 179
Route 2: 45 178 27 173 154 24 61 100 64 109 74 76
Route 3: 62 131 44 102 146 19 28 96 130 133 149
Route 4: 30 120 192 196 97 14 89 105 15 59 198 68
Route 5: 20 41 85 80 31 25 172 77 110 162
Route 6: 116 66 91 129 11 6 122 139 147 124 200 73
Route 7: 101 144 119 166 35 126 71 9 1 99 53 135 137
Route 8: 48 26 152 40 153 169 29 87 42 123 163
Route 9: 164 12 160 47 70 171 136 189 86
Route 10: 93 55 104 58 184 199 37 81 138 183 114 56
Route 11: 57 118 83 143 176 36 33 121 165 188 158
Route 12: 190 5 193 46 128 34 167 106 10 108 60
Route 13: 72 82 180 84 191 125 4 95 181 63
Route 14: 170 134 50 156 112 168 79 195 52 92 75
Route 15: 159 38 150 22 151 16 140 187 142 111 185
Route 16: 148 103 197 141 69 51 174 94 65
Route 17: 21 23 182 194 145 117 49
Route 18: 161 18 54 186 132 7 157
Route 19: 177 3 88 8 127 98
Route 20: 32 115
Vehicles: 20
Distance: 3748.63
