Route 1: 217 88 185 286 209 10 152 336 175 3
Route 2: 126 115 398 331 66 277 325 368 37 15 20 241
Route 3: 97 375 149 101 300 13 257 184 372 76 311 224
Route 4: 366 83 354 150 206 7 99 91 130
Route 5: 64 269 343 208 100 145 318 106 260 297 329 163
Route 6: 33 255 157 29 212 169 237 299 305 28 249 240 41
Route 7: 139 392 280 301 36 191 349 344 356 107 142
Route 8: 267 364 340 148 373 167 378 164 367 391
Route 9: 266 92 310 332 262 8 319 34 230 43 197 84
Route 10: 180 339 400 165 308 146 268 79 246 81 253
Route 11: 360 9 47 198 140 219 90 196 321 192 27
Route 12: 221 284 315 80 351 58 55 120 134 313 86
Route 13: 393 112 135 12 108 243 171 128 132
Route 14: 186 154 155 381 202 342 309 21 346 45
Route 15: 94 54 386 179 312 379 125 225 323 59 327
Route 16: 16 52 291 314 22 279 317 399 30 131
Route 17: 278 231 78 387 188 285 18 238 232
Route 18: 395 361 105 272 377 306 2 118 124 347 376
Route 19: 151 270 322 23 193 19 294 50 383 261 53
Route 20: 141 56 252 182 370 274 138 170 4 190 275 234
Route 21: 385 82 199 335 296 359 161 254 293 60 122 384
Route 22: 298 70 87 49 302 96 353 25 251 264 276
Route 23: 69 222 159 102 304 71 211 113 288 6 178
Route 24: 73 265 85 328 177 95 201
Route 25: 44 235 388 114 281 129 263 176 137 220 258
Route 26: 303 144 24 348 93 229 204 295 103 153 89 166
Route 27: 213 121 173 63 233 382 338 256 205 316
Route 28: 216 195 358 334 365 273 187 200 119 42
Route 29: 371 38 333 374 396 111 194 363 307 259 104
Route 30: 292 203 72 397 341 207 350 282 123 40 183 75 228
Route 31: 287 362 248 31 136 116 127 245 242 158 227
Route 32: 290 357 77 74 394 68 14 223 35
Route 33: 62 133 156 324 210 67 65 239 250
Route 34: 51 181 389 380 1 48 345 98
Route 35: 226 326 214 17 355 247 320 162 283 168 289
Route 36: 5 160 172 109 26 117 352 147
Route 37: 390 271 174 189 244 57 11 369 110
Route 38: 61 218 236 215 46
Route 39: 32 39 337 330 143
Vehicles: 39
Distance: 10939.57
