Route 1: 366 88 209 185 10 152 336 286 217 354
Route 2: 97 375 149 101 7 257 300 13 15 76 311 241
Route 3: 115 277 398 66 331 325 368 37 20 126 150
Route 4: 83 206 99 184 175 3 36 100 106 329 163
Route 5: 343 269 64 208 145 318 297 260 43 224 41 400 230
Route 6: 249 29 28 157 169 299 219 198 12 237 212 255 33
Route 7: 301 139 280 392 191 349 344 91 130 372 315
Route 8: 267 148 364 373 167 378 164 367 391 308
Route 9: 332 310 266 146 165 197 339 262 8 34
Route 10: 92 84 180 179 81 268 79 386 312 246 278 231
Route 11: 360 135 47 9 305 321 279 140 393 196
Route 12: 141 56 252 370 138 170 4 190 275 240 290 218 340
Route 13: 387 78 188 225 125 319 346 118 45
Route 14: 107 221 284 351 294 151 134 356 58 193 80
Route 15: 186 154 309 202 342 21 232 42 75 273 397
Route 16: 105 155 381 395 306 377 227 2 347 376 176 44
Route 17: 112 291 314 16 90 317 399 132 136 73 70
Route 18: 94 54 327 379 323 18 195 358 334 200
Route 19: 201 298 87 30 302 25 96 49 353
Route 20: 23 270 19 55 120 213 261 131 161 121 359
Route 21: 335 385 199 82 254 50 383 60 313 53 296 86
Route 22: 322 371 38 374 111 194 363 251 316 276 264 62 142
Route 23: 102 69 222 159 304 71 113 211 59 253 394
Route 24: 114 348 235 388 129 263 281 137 384 122 220
Route 25: 182 236 61 369 11 110 35 274 234 250 174
Route 26: 216 203 365 285 238 187 341 119 109 228 292
Route 27: 17 214 361 272 355 124 168 283 289 158 104 162
Route 28: 287 362 31 171 243 248 239 192 108 27 22 265
Route 29: 63 205 256 233 173 293 24 93 204
Route 30: 72 326 117 207 350 40 282 123 183 26 172
Route 31: 303 144 46 229 295 103 382 338 133 32 307
Route 32: 52 380 85 328 177 95 51 39
Route 33: 189 390 57 271 244 48 98 345 128 242
Route 34: 357 77 74 14 178 6 68 288
Route 35: 324 156 333 67 65 245 389 259 127
Route 36: 226 337 143 247 352 153 89 166 258 160
Route 37: 181 1 116 396 223
Route 38: 5 210 215 147
Route 39: 330 320
Vehicles: 39
Distance: 10052.00
