Route 1: 168 298 355 91 353 138 288 302 86 172 324 116
Route 2: 188 260 130 258 337 107 186 178 104 376 76
Route 3: 163 90 159 282 177 274 395 150 44 24 317 359 185
Route 4: 98 226 179 228 349 319 124 335 108 311 51 94 84 281 196
Route 5: 216 304 236 224 220 181 303 347 204 287 10
Route 6: 218 213 194 193 125 280 261 325 284 397 279 106
Route 7: 43 244 169 270 391 109 142 386 13 400 73
Route 8: 291 120 203 329 27 122 146 95 368 276 250 310 336 344
Route 9: 11 40 60 54 42 334 323 394 137 57 118
Route 10: 209 9 165 206 88 7 85 245
Route 11: 377 166 48 39 145 396 148 20 285 46 235 187 382
Route 12: 217 160 102 307 369 189 227 28 253 384
Route 13: 251 113 271 333 277 318 19 81 357 232 249 225 315
Route 14: 170 233 341 156 63 314 388 342 199 143 182 180
Route 15: 164 37 259 162 243 362 45 273 47 8 69 133 82
Route 16: 375 278 330 316 263 89 313 161 346 173 379 131 78 147
Route 17: 389 331 241 256 300 93 123 248 358 58 101 17
Route 18: 119 136 66 3 41 128 129 366 26 33 215 320
Route 19: 144 373 29 223 295 286 61 55 247 212 71
Route 20: 175 229 195 59 383 79 275 121 289 35 50
Route 21: 292 343 6 272 370 140 308 149 205 306 202 14 351
Route 22: 269 36 151 262 339 393 234 183 103 385
Route 23: 72 127 367 171 361 294 301 114 32 210
Route 24: 70 115 105 111 392 1 348 157 80 332 242 381 340
Route 25: 326 15 112 364 153 219 197 398
Route 26: 327 34 31 305 100 299 174 399 296 167
Route 27: 214 190 141 240 293 380 16 56 338 92 74
Route 28: 192 207 390 312 4 184 211 117 372 268 360 363 322
Route 29: 290 64 49 38 96 191 158 18 154
Route 30: 30 53 62 264 252 198 200 83 12 266 387
Route 31: 155 139 238 352 22 132 222 265 99 321
Route 32: 52 5 2 68 297 77 134 378 97
Route 33: 328 246 208 176 23 237 350 75 309 374
Route 34: 257 221 267 231 254 365 239 371 356 255
Route 35: 67 87 230 126 135 152 201 110
Route 36: 65 21 283 345 25 354
Vehicles: 36
Distance: 10731.18
