Route 1: 186 213 75 161 383 121 398 359 250 245 222 46 270 55 252 236 247 89 279 111 195 345 110 239 297 210 128 369 217 35 357 22 193 262 41 59 167 130 371 335 116 322 135 99 159 45 38 14 202 343 12 241 17 201 60 98 182 331 273 36 8 58
Route 2: 93 143 296 144 164 313 211 238 349 318 72 140 108 90 360 207 168 107 276 317 204 181 177 355 136 169 361 393 85 77 47 370 242 344 3 170 154 348 277 126 18 33 86 272 124 166 133 219 300 26 105 119 384 319 231 301 208 184 284 172
Route 3: 329 256 194 283 328 315 278 298 147 96 100 381 9 23 76 32 363 214 228 265 342 354 71 292 198 27 303 19 146 230 68 42 308 327 174 294 379 160 280 61 388 257 220 64 225 183 321 94 229 7 153 376 131 28 203 187 102
Route 4: 150 142 44 346 106 391 295 288 375 16 10 4 91 324 330 151 307 380 400 39 373 385 56 374 49 271 109 364 1 34 190 332 117 235 309 216 227 206 114 178 120 386 353 103 43 244 80 188 347 53
Route 5: 92 137 165 243 316 127 196 2 118 266 224 179 173 285 352 97 226 123 65 141 52 191 261 15 334 268 290 158 205 132 37 387 365 83 81 66 240 212 378 291 5 234 180 20 310
Route 6: 104 368 269 95 323 199 24 287 255 25 390 73 155 259 63 306 304 149 145 134 320 30 260 281 362 233 101 377 282 125 13 274 88 223 176 192 248 215 48 289 358 397 84 336 399 293
Route 7: 139 333 162 87 232 78 392 372 40 311 254 148 251 253 62 275 6 152 305 286 57 356 200 69 209 221 325 350 338
Route 8: 185 367 115 396 156 113 263 122 29 79 51 312 337 11 382 394 341 129 267 299
Route 9: 189 67 50 264 197 74 21 395 171 54 112 326 249 258 366 31 237 351
Route 10: 339 302 340 314 163
Route 11: 138 246 82 157
Route 12: 70 218 175
Route 13: 389
Vehicles: 13
Distance: 10992.39
