Route 1: 186 357 35 182 13 22 331 273 398 121 383 58
Route 2: 284 164 184 313 85 169 361 140 72 349 161 393 159 93
Route 3: 144 256 296 143 23 76 32 363 214 228 14 102 201
Route 4: 75 211 238 213 318 172 317 219 388 204 150 36
Route 5: 250 359 269 376 28 8 46 178 222 270 117 136 245
Route 6: 208 18 126 216 319 334 133 127 348 2 77 277
Route 7: 217 210 400 39 355 177 181 288 391 190 332 107 360
Route 8: 328 381 9 59 322 241 17 41 333 84 104
Route 9: 142 287 306 259 282 60 212 66 378 125 98
Route 10: 99 337 379 160 312 92 301 308
Route 11: 55 236 369 103 199 377 323 63 304 203 131
Route 12: 196 165 316 179 173 285 352 242 3 344 141
Route 13: 295 375 297 380 4 89 206 235 247 120
Route 14: 243 90 108 180 207 47 154 53 370 224 276
Route 15: 278 298 94 156 265 342 230 42 19 68 146 61 188
Route 16: 155 255 73 134 281 362 145 233 132 25 44 187
Route 17: 368 218 171 21 395 88 54 274 223 176 248 365 81
Route 18: 168 138 52 170 123 49 374 151 330 91 34
Route 19: 396 340 115 367 129 394 11 15 327 33 371
Route 20: 254 311 221 399 325 78 167 358 7 153
Route 21: 95 252 290 106 386 128 43 205 189 50
Route 22: 266 97 226 65 166 26 118 191 314 268
Route 23: 113 147 96 139 79 27 51 183 220 229 100
Route 24: 267 86 137 124 231 119 310 105 384
Route 25: 70 175 215 48 83 240 37 209 148 200 69
Route 26: 346 67 149 31 258 366 101 237 158 264 74
Route 27: 40 232 372 392 130 253 275 251 62 6 397 116
Route 28: 185 339 261 174 294 300 302 257 354 122
Route 29: 87 57 305 299 335 82 389 350 280 225 162 321
Route 30: 307 324 373 56 385 5 244 347
Route 31: 341 382 272 303 292 29 64 338 234 390 351
Route 32: 192 30 320 260 387 197 24 353
Route 33: 10 279 195 345 110 239 111 109 271 364 1 114 80
Route 34: 329 326 112 249 293 291 309 16 20
Route 35: 315 263 71 198 38 336 283
Route 36: 193 152 286 246 356 157 289 135 45 202 12
Route 37: 163 227 343 194 262
Vehicles: 37
Distance: 12030.50
