Route 1: 363 49 31 336 174 308 307 59 22 19 101 28 351 297 155 219 143 232 245 184 188 51 217 393 301 66 98 246 195 213 15 218 27 396 391 162 150
Route 2: 99 75 324 170 144 25 216 238 313 362 96 293 182 124 250 120 354 119 88 255 319 259 337 133 92 38 364 16 115 340 296 176 242 390
Route 3: 44 117 369 262 177 191 129 302 18 140 309 235 367 315 79 91 304 384 46 173 228 356 35 276 265 366 294 371 221 266 72 76 318 370 100
Route 4: 89 62 239 211 355 292 333 36 171 339 152 210 185 397 251 12 68 279 375 316 322 42 8 231 305 381 234 48 243 71 286 40 361 61 109
Route 5: 37 65 167 314 317 382 199 132 187 58 114 94 112 193 159 125 103 331 106 383 252 341 86 118 343 130 52 270 6 249 247 93 131 164 70
Route 6: 108 222 230 77 3 321 358 254 178 248 172 379 163 73 121 256 183 244 17 24 233 330 392 328 342 400 14 257 288 282 138 4 236
Route 7: 284 325 2 154 357 240 275 189 34 260 151 212 283 87 158 237 352 200 226 80 273 229 30 153 207 303 376 57 161 326 344 26 215 145 7
Route 8: 137 274 1 67 53 224 104 353 264 139 190 385 194 278 54 196 268 299 306 214 267 136 399 261 310 281 203 368 29 205 20 9 300
Route 9: 372 21 165 64 84 387 359 156 50 157 202 142 198 113 206 95 327 223 78 10 5 168 334 394 45 55 111 81 347 128 377 192 204
Route 10: 160 147 312 329 269 335 271 388 69 373 197 398 241 208 11 209 280 148 116 41 258 285 47 289 380 181 74 365 378 350 141 201 32
Route 11: 225 290 127 146 345 298 287 227 180 263 83 295 169 102 123 13 338 220 253 97 33 320 135 107 63
Route 12: 166 323 175 105 110 346 23 348 149 389 39 395 311 179 291 134 43 85 374 277 332 90 56 126 82
Route 13: 349 60 272 122 360 186 386
Vehicles: 13
Distance: 6799.75
