Route 1: 75 324 296 216 238 25 302 191 362 129 182 293 18 120 250 124 307 308 19 319 38 364 92 259 266 88 16 255 340 99 72 76 150
Route 2: 162 391 218 213 174 15 27 22 284 7 28 351 101 297 29 205 143 232 184 336 155 245 219 217 393 66 301 363 98 246 242 195 176 109 396
Route 3: 37 115 262 170 144 313 114 369 94 112 117 58 103 125 159 44 183 187 199 382 17 65 330 167 392 366 265 320 96 221 294 282 138
Route 4: 31 49 239 211 62 292 333 188 152 171 51 210 375 251 397 185 339 68 12 279 316 322 42 231 8 305 381 234 71 243 390 361 286 61 70 164
Route 5: 325 240 133 137 119 337 370 275 2 151 100 283 212 352 237 260 200 87 226 80 59 153 303 207 30 376 161 215 318 368 326 344 354
Route 6: 371 35 276 225 367 127 321 236 358 253 254 248 178 172 350 389 108 193 132 3 338 24 77 230 244 233 33 317 314 365 378 106 131 40
Route 7: 256 379 222 235 140 290 309 345 287 227 274 26 299 268 196 306 214 399 281 136 267 261 273 310 158 57 145 315 356 288 48
Route 8: 383 252 147 341 329 388 271 335 269 197 69 249 398 93 373 208 241 148 280 258 41 116 343 312 118 86 130 52 209 270 6 247 82
Route 9: 21 331 146 163 349 73 272 60 97 186 360 122 141 386 201 32 123 13 285 289 160 47 380 121 181 74 257 81
Route 10: 372 189 154 34 357 359 84 387 23 9 374 204 39 395 165 300 291 311 179 135 107 63 134 85 277 43 45 332 90 126 56
Route 11: 89 36 323 166 175 64 355 346 128 347 156 50 198 113 206 95 327 223 78 10 334 5 394 55 168 111
Route 12: 53 192 20 377 105 110 157 202 348 149 142 11 4 173 328 228 220 79 400 342
Route 13: 177 203 1 298 67 224 104 353 264 139 278 190 385 194 54 229 102 46 91
Route 14: 263 180 83 295 169 14 384 304
Vehicles: 14
Distance: 6947.58
