Route 1: 166 192 88 346 277 158 169 289 291 398 265 140 69 361 385 101 293 119 302 39 36 124 213 105 64 327 274 309 179 83 55 132 65 396 89 214 281 367 153 87 391 7 232 260 177 345 70 106 23 3 259 278 78 107 171
Route 2: 127 237 162 98 397 183 195 131 24 48 135 311 374 193 383 308 236 129 343 146 17 9 77 240 121 336 58 242 255 301 348 317 247 194 138 56 63 163 357 204 216 170 364 52 123 139 19 174 148 341 369 351 342 390 185 328 315 54 160 241
Route 3: 254 22 120 362 45 149 15 266 339 272 5 110 189 250 235 96 360 8 103 67 2 307 66 203 358 375 62 40 333 16 112 157 178 80 50 322 299 73 150 82 279 86 310 290 31 6 147 29 296 231 268 44 335 338 224 159
Route 4: 256 136 152 59 355 167 111 295 13 400 381 312 125 399 75 379 51 300 30 14 304 292 12 352 219 332 218 91 25 392 285 267 187 340 303 365 371 366 298 380 79 275 128 34 172 382 126 239 262 349 243 282 92
Route 5: 321 386 205 57 384 116 1 197 133 26 90 173 68 233 252 130 264 176 94 27 186 114 200 226 10 74 38 97 297 156 142 228 211 387 202 164 95 261 217 209 100 334 85 337 326 11 393 4 115 198 359 117 184 325 376
Route 6: 35 155 316 353 144 395 378 245 76 47 20 33 246 208 323 168 207 180 221 145 61 354 43 363 151 314 227 329 318 229 373 46 18 330 93 253 234 394 188 294 319 283 306 276 244 81
Route 7: 238 350 269 181 199 222 137 347 223 324 53 134 220 389 161 377 175 84 271 201 210 257 32 251 288 191 287 72 286 225 99 249 331 60 49
Route 8: 113 258 102 104 141 182 143 284 108 41 320 71 313 37 270 118 165 122 263 372 280 206 388 370 305 368 215 109 356 273 21 248 42 212 154 190 344 230 196 28
Vehicles: 8
Distance: 10934.30
