Route 1: 13 359 117 257 118 526 26 546 277 502 239 16 56 388 364
Route 2: 266 60 237 434 292 123 247 479 371 234 153 172 106 222
Route 3: 263 417 112 166 401 522 140 310 161 194
Route 4: 71 235 336 221 230 516 423 75 432 225 348
Route 5: 302 343 303 78 29 130 387 475 590 128 122 15 185 186
Route 6: 233 435 25 482 283 538 463 157 6 267 436 269 404
Route 7: 556 276 586 193 523 474 265 495 583 54 62 208 243
Route 8: 550 486 500 315 205 316 405 501 93 594 248
Route 9: 398 73 229 139 280 200 113 50 2 103 22
Route 10: 261 189 375 175 148 109 145 369 89 309
Route 11: 207 318 43 527 462 201 490 188 204 396 311
Route 12: 167 39 108 355 100 184 7 160 349 19 163 272
Route 13: 104 386 174 408 147 331 102 313 20 294 36
Route 14: 4 245 121 244 511 450 182 198 467 68 271 114
Route 15: 264 414 518 456 82 305 57 541 560 259 137 169
Route 16: 581 42 187 324 337 528 449 74 510 47 138 362
Route 17: 356 429 110 459 127 46 281 72 370 159 505
Route 18: 338 445 385 296 64 402 365 366 443 256
Route 19: 38 88 444 173 90 481 250 219 37 499 430 593 126 124 461
Route 20: 101 515 477 345 361 568 223 389 360 412 288
Route 21: 150 212 94 580 77 353 478 116 195 99
Route 22: 322 10 400 473 409 238 293 3 31 240
Route 23: 413 540 326 391 97 253 129 597 572 427 578
Route 24: 354 347 179 202 197 255 285 154 9 419 171 382
Route 25: 451 132 151 422 95 379 218 96 496 133 323 329 335
Route 26: 411 192 378 574 569 252 86 274 512 203
Route 27: 176 539 403 552 466 178 328 155 80 470
Route 28: 579 421 564 553 492 270 125 251 286 453 27 214 493 181
Route 29: 508 199 525 21 561 81 372 142 11 494
Route 30: 24 210 34 314 33 468 559 215 273 79
Route 31: 563 551 196 363 469 582 156 85 426 333 158
Route 32: 377 260 28 513 549 448 433 503 51 141 49 268 352 213 340
Route 33: 570 439 216 63 592 66 92 566 577 498
Route 34: 520 446 488 262 374 431 452 17 415 111
Route 35: 514 599 339 143 44 298 241 440 487 483 307
Route 36: 226 306 555 45 588 350 84 428 41 351
Route 37: 504 376 58 533 573 224 146 472 441 442 489 562
Route 38: 162 278 506 115 524 295 332 406 232 507
Route 39: 457 558 383 291 300 535 105 484 567
Route 40: 177 231 69 321 290 544 438 589 346 519 517 399 40
Route 41: 320 330 183 190 299 168 91 48 587 521
Route 42: 584 287 228 258 246 334 32 344 548
Route 43: 384 537 249 317 393 425 65 390 497
Route 44: 170 1 547 368 30 460 236 304 206 135 70
Route 45: 480 59 327 136 565 437 464 144 61 557
Route 46: 598 410 18 530 165 536 591 76 217 476 407
Route 47: 529 531 596 209 341 275 342 164 98
Route 48: 418 491 67 542 149 420 279 211 543
Route 49: 424 301 447 381 23 55 87 83
Route 50: 289 600 357 284 52 297 12 576 134 465
Route 51: 282 308 227 485 532 397
Route 52: 152 509 107 242 220 131 191
Route 53: 367 392 454 14 458 53 180 575
Route 54: 455 595 312 358 5 585 554 119
Route 55: 416 471 394 380 571 319 8
Route 56: 120 534 373 254
Route 57: 325 545
Route 58: 395 35
Vehicles: 58
Distance: 28218.48
