Route 1: 438 44 127 363 79 211 26 434 446 487 332
Route 2: 440 228 199 103 391 297 149 224 235
Route 3: 526 178 231 568 78 309 134 230 112 341 416 290 535 293
Route 4: 599 344 551 174 453 214 37 395 222 386 390 270 47 45
Route 5: 347 550 346 96 355 585 221 580 420 492 294 1 348
Route 6: 566 488 28 375 2 275 512 547 62 284 267 600 185
Route 7: 255 485 256 299 296 557 570 239 136 87
Route 8: 418 237 33 163 90 366 225 93 268 569 385 456
Route 9: 55 474 6 423 543 480 162 427 273 241 63 523
Route 10: 23 352 481 349 295 379 564 522
Route 11: 596 232 451 448 3 102 362 220 259 527 588 336
Route 12: 202 443 412 419 425 66 104 479 138 188 133 173 198
Route 13: 5 354 276 476 518 383 326 143 549 553
Route 14: 382 358 563 36 436 555 21 562 73 343 246 49
Route 15: 415 289 449 469 342 587 249 59 8 439 303 495
Route 16: 179 539 190 364 464 311 573 591 505 48 98 216 135 35
Route 17: 99 457 333 325 121 567 32 260 10 468
Route 18: 76 508 205 536 572 424 392 158 558 20 491
Route 19: 244 100 490 186 234 340 331 544 287
Route 20: 422 115 560 4 208 304 119 421 305 283 370
Route 21: 75 454 14 81 253 58 243 310 94 43
Route 22: 452 67 428 442 22 496 319 405 561 18 426
Route 23: 17 583 84 242 60 400 409 240 542 586 31
Route 24: 46 140 132 266 531 206 407 201 324 408 579
Route 25: 83 530 170 250 182 226 141 556 414 396 576 351
Route 26: 176 69 92 147 445 524 575 360 7 509 229
Route 27: 123 213 507 538 88 215 164 398 399 458 389 11 533 52
Route 28: 168 196 171 473 548 461 217 193 433 598 177 394
Route 29: 353 148 204 574 269 219 432 367 157 291
Route 30: 142 537 252 429 263 128 30 238 521 482
Route 31: 381 322 372 545 144 365 258 541 131 357 307 91 594
Route 32: 514 441 161 120 403 181 589 137 53 191 247 577 281
Route 33: 19 194 56 517 165 501 207 155 500
Route 34: 455 24 301 404 109 471 493 110 417 105
Route 35: 510 302 497 9 80 437 89 298 330 597 339 146
Route 36: 384 368 125 444 430 108 183 502 529 85 152
Route 37: 359 373 41 546 321 172 329 272 57
Route 38: 323 393 153 504 401 334 71 139 475 129
Route 39: 460 184 189 413 463 552 397 318 248 320
Route 40: 16 494 51 227 68 86 335 447 34 361 118
Route 41: 520 197 459 559 15 117 77 571 180 519
Route 42: 245 337 498 114 292 525 124 107 82 534 477 97
Route 43: 42 380 328 483 159 61 278 166 223 122 72 160
Route 44: 286 489 106 154 167 316 64 515 126 581
Route 45: 156 282 313 288 212 150 300 584 462 314
Route 46: 264 371 38 465 145 377 388 116 40 203
Route 47: 274 565 478 261 506 499 312 175 271
Route 48: 54 593 254 595 356 435 327 466 95 29
Route 49: 13 27 70 472 195 285 169 315 317
Route 50: 511 387 192 484 516 411 431 513 350 277
Route 51: 113 450 306 369 262 65 582 25 111 265 209
Route 52: 187 50 279 532 410 592 376 554
Route 53: 251 12 236 486 101 345 528
Route 54: 503 378 338 151 402 578 200 590 280
Route 55: 374 39 74 540 218 210 308 233 470 130 257 406 467
Vehicles: 55
Distance: 20296.95
