Route 1: 115 221 334 504 296 232 319 304 249 507 199 61 70 166 246 98 547 456 45 430 364 469 399 522 595 286 344 142 345 305 447 39 52 557 273 581 124 324 317 36 584 392 82 416 150 105 466 33 586 11 8 501 54 406 477 387 393 177 483 25 323 453 567 467 119 154 395 439
Route 2: 532 118 353 425 17 429 30 122 85 474 401 518 318 136 462 112 117 107 298 7 137 512 111 408 560 143 5 23 558 282 460 579 508 590 432 74 330 68 484 225 302 172 67 363 4 564 238 167 217 28 27 576 365 530 369 34 465 1
Route 3: 275 596 495 262 346 531 536 223 14 88 288 375 526 102 101 250 585 83 130 300 315 360 152 458 147 141 79 192 349 276 69 542 424 129 186 284 513 10 498 138 187 103 426 358 412 180 125 158 248 440 212 377 419 362 157 299 148 451
Route 4: 482 128 113 597 589 15 257 231 126 550 185 71 220 417 499 470 592 215 291 528 295 93 174 281 503 216 370 21 18 104 59 123 534 196 207 575 224 423 529 523 22 289 179 9 233 492 348 72 494 565 326 75 271 525 210 591 577 49 433 593 139 379
Route 5: 191 572 121 476 274 164 444 316 337 527 459 541 37 12 341 48 165 436 110 81 206 475 290 351 146 308 446 445 19 161 228 261 307 55 205 181 264 371 407 378 178 89 566 594 46 43 343 176 490 327 514 500 578 449 340 244
Route 6: 301 197 403 303 443 568 496 435 519 218 229 543 140 268 574 47 404 76 491 339 100 267 155 506 388 497 372 583 473 391 553 347 266 283 239 367 382 570 580 314 222 182 418 555 441 533 95 556 84 414 277 310
Route 7: 169 552 189 320 380 329 260 551 386 599 431 415 332 91 41 309 175 321 63 235 521 559 242 247 463 243 488 383 116 312 256 58 211 193 149 455 132 454 487 144 278 368 493 99 204 269 108 255 3 201 203 245 65
Route 8: 464 236 162 544 120 516 293 188 202 31 254 540 489 190 6 259 537 554 352 135 535 42 280 485 359 342 94 151 26 20 97 160 322 448 481 106 355 385 87 356 569 422 127 361 331 546 57
Route 9: 29 374 350 272 56 509 396 573 51 394 13 588 338 24 73 2 145 234 505 357 313 405 561 562 230 183 517 173 538 53 153 292 335 159 428 252 336 434 354 109 411 502 170 450 213 279 390 297 96
Route 10: 539 421 398 285 397 548 270 40 549 171 400 133 333 311 184 515 294 214 376 253 237 198 486 114 600 472 468 471 32 402 437 62 168 208 38 524 328 598 258 306 438 156 373 413 452 520 265 163 381
Route 11: 389 409 511 66 80 410 457 263 582 226 16 571 227 325 287 420 510 478 442 60 64 90 480 134 545 77 366 195 240 384 50 131 200 86 563 78 251 587 241 479 461 219 35 427 194 209 44 92
Vehicles: 11
Distance: 20100.81
