Route 1: 266 13 302 263 550 235 277 359 417 388 112 16 172 222 56 364
Route 2: 71 556 239 233 581 167 451 280 185 186 117
Route 3: 398 207 104 502 526 118 26 303 78 25 122 124 257
Route 4: 356 413 354 336 4 230 401 166 271 522 248 22 348 194
Route 5: 261 234 60 375 371 293 157 518 6 479 153 283 106
Route 6: 150 322 128 264 176 29 387 435 590 538 463 137 434 237 436 269
Route 7: 75 38 139 229 423 113 50 432 225
Route 8: 101 563 42 360 510 89 404 47 138 114 362 309 369
Route 9: 546 338 586 318 377 527 43 500 486 243 204 276 198
Route 10: 145 477 551 515 570 389 74 148 175 109
Route 11: 411 245 429 467 68 140 310 505 370 161
Route 12: 73 221 461 430 126 593 499 365 516 103
Route 13: 414 267 520 238 82 105 473 488 305 123 292 247
Route 14: 421 31 579 439 251 553 240 214 493 181 3 169 288
Route 15: 508 343 208 296 583 62 188 200 523 193 474 265 495 396 311
Route 16: 24 386 424 490 549 79 448 501 405 294 36 594
Route 17: 39 384 10 19 482 560 155 15 349 259 80 470 163 272
Route 18: 315 408 95 379 143 313 147 316 331
Route 19: 2 177 376 540 481 504 110 255 129 597 281 517 72 572 427 578
Route 20: 574 378 159 192 121 244 274 182 512 158
Route 21: 151 514 339 195 205 94 77 580 130 475 102
Route 22: 256 37 347 179 443 444 64 88 402 219 154 366
Route 23: 449 86 252 226 223 469 187 324 511 450 587 46
Route 24: 212 539 403 325 100 96 218 466 323 478 116
Route 25: 564 598 492 125 270 409 262 452 456 17
Route 26: 445 210 584 287 228 199 385 51 494 93
Route 27: 189 528 582 156 18 84 363 337 426 333 306 412
Route 28: 201 132 174 162 506 20 422 213 215 462 268
Route 29: 57 457 170 282 383 291 368 446 85 541
Route 30: 184 537 308 65 425 355 160 7 353
Route 31: 196 428 216 577 63 498 592 66
Route 32: 453 437 568 144 555 350 351 407 92 345
Route 33: 127 392 399 320 330 190 544 519 346 459 40
Route 34: 588 361 565 464 14 569 91 48 203 521
Route 35: 416 246 202 231 525 21 561 81 171 382 9
Route 36: 99 531 278 599 529 552 209 335 340 406 496 44 133
Route 37: 108 178 275 342 164 241 532 483 135 307
Route 38: 533 419 258 447 334 142 344 32 372 11 54
Route 39: 58 250 97 90 173 285 197 380 441 543
Route 40: 27 410 455 535 431 300 374 227 484 567 206 415
Route 41: 326 418 489 253 224 472 8 442 562
Route 42: 487 393 328 509 317 390 111 341 191 507 98 497
Route 43: 480 59 136 327 168 299 61 458
Route 44: 312 289 600 357 284 41 12 297 465 566
Route 45: 400 1 547 30 242 107 220 236 460 304 70
Route 46: 558 595 52 358 485 286 119 576 134 476
Route 47: 260 120 28 513 468 559 273 332 433 352
Route 48: 329 298 152 440 249 545 131 397
Route 49: 367 589 471 394 454 183 290 321 211 575
Route 50: 573 69 67 438 420 149 279 391 83
Route 51: 146 542 491 373 87 141 49 33 524 232
Route 52: 217 45 571 180 254 319 557 53
Route 53: 585 5 530 165 591 536 554 76
Route 54: 115 596 35 295 55 23 548 314 503
Route 55: 534 395 34 301 381
Vehicles: 55
Distance: 25332.96
