Route 1: 469 559 280 542 203 397 441 562 52 35 269 160 575 165 488 428 85 258 241 107 420 306 180 225 305 238 177 492 254 22 95 118 108 129 127
Route 2: 199 261 493 541 223 320 255 459 309 151 504 164 597 456 230 342 248 386 335 599 568 515 582 476 289 497 350 392 564 596 569 516 514 307 544 28
Route 3: 331 110 474 135 212 56 347 313 67 21 220 137 501 570 356 345 572 211 218 121 451 73 578 300 580 166 468 457 72 530 84 545 339 526 224
Route 4: 94 271 253 19 25 471 533 132 366 376 357 310 240 574 410 294 484 502 389 477 446 513 374 139 360 421 231 33 228 475 98 57 191 16
Route 5: 116 352 200 209 594 452 384 63 412 79 316 520 439 450 521 249 329 298 219 487 443 486 71 388 509 551 390 416 529 144 77 247 437 328
Route 6: 207 295 210 162 26 394 31 287 455 555 411 38 246 588 291 128 275 292 435 233 303 232 571 193 206 53 403 86 244 354 422 408 4 130
Route 7: 281 550 34 399 425 27 51 74 113 510 346 409 184 470 308 519 213 525 187 585 2 286 279 359 589 214 317 379 535 368 239 400
Route 8: 573 362 511 558 205 260 6 97 196 517 111 337 123 483 351 153 265 503 587 172 268 595 429 485 263 453 100 75 264 167 23 20 363
Route 9: 208 161 188 404 496 506 590 283 252 226 106 171 467 538 369 297 170 326 48 183 466 43 344 413 380 463 185 66 491 336 343 372 3
Route 10: 327 37 70 383 282 333 105 92 358 518 54 274 434 288 319 47 115 419 546 299 109 560 236 424 29 330 495 465 141 565 478
Route 11: 591 87 195 194 381 532 124 7 406 432 440 250 12 561 237 361 512 445 197 65 405 278 68 69 44 353 349 50 45 102 93 322
Route 12: 152 169 58 553 430 222 229 134 221 155 204 375 227 15 311 125 442 62 32 284 234 158 334 479 377 365 481 114 122 138 584
Route 13: 464 24 593 182 142 414 83 168 192 548 482 524 549 61 148 245 543 8 201 202 458 277 90 242 508 189 159 285 270 396 567 444
Route 14: 321 522 489 499 507 500 81 447 586 449 266 112 454 146 215 367 315 256 103 262 581 355 120 133 391 163 156 190 147 89 216 325
Route 15: 301 340 243 40 539 557 257 5 91 338 395 104 136 126 385 157 438 302 398 9 407 55 41 540 174 324
Route 16: 39 461 436 46 10 14 178 323 290 566 494 259 49 505 480 304 267 30 370 583 348 600 235 415 76 341 556 378 101
Route 17: 563 554 426 78 418 154 80 433 176 143 119 293 149 59 427 82 401 42 36 592 460 552 276 364 88 579
Route 18: 472 312 18 251 536 145 527 11 371 576 531 314 577 60 417 393 373 96 179
Route 19: 13 547 448 598 64 431 272 296 382 332 99 273 423 150 462 17 175 217 1 490 318 131
Route 20: 173 186 523 402 528 117 534 498 537 387 198 181
Route 21: 473 140
Vehicles: 21
Distance: 14184.89
