Route 1: 221 120 197 244 59 18 464 340 251 345
Route 2: 154 158 75 282 127 529 562 33 289 56 316 334 234
Route 3: 598 36 50 358 475 474 163 146 188 576
Route 4: 131 61 71 582 77 468 348 38 238 235
Route 5: 399 303 256 55 34 224 566 557 252
Route 6: 13 338 181 393 452 76 178 390 284 118 329 419
Route 7: 10 166 425 189 202 173 416 17 137 177 511 194
Route 8: 308 233 376 500 109 421 228 392 445 218 121
Route 9: 68 30 593 490 86 223 313 332 597 62 113 11
Route 10: 47 60 175 417 330 247 516 222 229 476 179 404 396
Route 11: 90 360 384 331 23 354 517 568 185
Route 12: 600 99 320 579 367 250 451 581 365
Route 13: 560 167 258 510 111 337 362 37 318 242 398
Route 14: 518 595 564 321 381 350 508 312 227 502
Route 15: 523 420 571 138 501 28 442 496 4 368 584 180
Route 16: 344 457 142 577 27 21 226 2 530 567 270
Route 17: 492 260 193 333 391 572 294 506 436 64
Route 18: 98 241 104 236 594 100 208 92 214 423 389 186
Route 19: 380 261 96 191 546 14 298 70 114 168 397 296
Route 20: 88 300 346 215 58 285 293 66 93 525 225
Route 21: 19 155 580 45 463 412 342 415 40
Route 22: 355 551 267 286 322 592 106 548 319 424 499
Route 23: 291 239 418 575 414 87 272 466 394 126 80 102 43
Route 24: 31 383 537 149 63 9 265 160 110 317 409 8
Route 25: 268 434 257 67 460 372 532 498 326 274 134 295
Route 26: 211 556 547 302 309 209 591 54 549 484
Route 27: 531 69 533 374 128 446 359 176 552 407
Route 28: 196 353 469 144 449 513 514 443 491
Route 29: 3 103 264 349 461 133 495 450 125 410 387 486
Route 30: 431 586 107 183 324 563 156 473 89 507 171
Route 31: 212 170 74 65 487 206 574 307 132 83 153
Route 32: 44 479 190 130 213 262 12 81 432 290 277 280
Route 33: 587 440 53 448 5 413 39 124 141 356 583
Route 34: 148 524 203 522 273 283 347 328 79 279
Route 35: 140 310 78 526 565 482 314 535 281 570 216 467
Route 36: 42 205 57 352 315 519 112 555 266 145
Route 37: 20 596 542 540 201 122 382 255 406 24 472
Route 38: 276 429 72 481 370 301 245 364 504 195 430
Route 39: 521 590 117 527 400 35 373 165 269 32
Route 40: 192 248 217 405 119 480 97 91 437 311
Route 41: 336 230 237 509 299 388 458 503 447 187
Route 42: 554 357 541 343 52 465 325 198 46 85
Route 43: 569 246 441 232 204 534 164 304 433 578 455
Route 44: 589 29 292 174 41 25 200 123 231 553 544
Route 45: 536 371 573 339 444 243 305 366 335
Route 46: 588 395 84 1 219 426 263 182 403 108 585
Route 47: 379 459 545 323 48 471 207 159 561
Route 48: 49 539 489 136 288 287 428 485 528 520
Route 49: 351 169 341 26 135 220 488
Route 50: 51 150 453 16 115 199 411 297 435
Route 51: 493 363 377 550 253 172 162 543 271
Route 52: 7 73 478 151 147 161 401 369
Route 53: 538 512 152 143 559 422 375 505
Route 54: 210 275 15 497 139 494 249 82 105 240
Route 55: 386 157 306 456 327 439 454 129
Route 56: 254 361 470 558 515 402 184
Route 57: 259 101 408 116 378
Route 58: 385 22 278 427 477 599 483 95
Route 59: 94 6 438 462
Vehicles: 59
Distance: 19118.26
