Route 1: 487 550 37 214 346 453 96 599 418 535 446 293 434 26 178 526 211 134 79 231 363 127 44 438 488 375 566 547 62 284 267 332 440 222 347 596 224 235 390 395 78 228 239 336 386 230 1 99 429 225 585 255 136 303 87
Route 2: 202 309 75 490 112 341 416 492 420 163 90 580 33 221 551 344 174 296 569 385 456 485 299 451 256 149 297 391 103 199 570 527 102 362 361 447 258 131 541 355 494 51 68 227 156 204 148 353 557 45 220 588 185 439 351 249 495
Route 3: 348 23 28 568 382 425 47 419 104 358 66 173 553 5 354 276 476 326 383 518 522 427 162 379 564 543 423 474 6 480 600 63 55 275 2 512 352 349 295 481 270 273 98 216 442 319 48 533 464 15 190 539 179 117 35 573 135 549 241
Route 4: 479 36 343 283 452 67 428 22 555 562 133 188 138 143 198 443 244 186 234 340 454 14 331 100 426 147 42 445 380 122 328 483 575 253 160 58 243 237 69 310 94 4 287 412 246 563 115 421 304 119 73 305 208 43 268 370
Route 5: 76 508 448 168 16 545 144 365 357 307 473 372 598 536 245 152 529 502 371 498 114 292 124 183 430 252 491 294 121 482 238 567 165 306 113 317 511 61 155 500 92 10 468 32 501 554 410 308 265 431 207 19 366 93 290 229 523
Route 6: 289 46 132 266 52 181 109 301 13 71 577 471 493 404 110 24 455 281 201 53 514 324 441 191 161 120 403 247 407 206 140 489 106 167 154 321 329 41 589 137 469 576 141 583 17 8 542 31 291 59 531 587 449 415
Route 7: 586 240 409 394 170 49 84 242 60 400 530 83 118 150 282 219 313 212 288 432 269 367 280 590 503 378 86 594 91 193 217 461 548 3 433 40 196 177 232 158 20 537 384 444 392 424 82 203 171 572 477 322 381 205 579
Route 8: 560 497 505 123 213 520 373 546 172 515 254 334 54 27 364 311 591 538 88 458 399 215 77 164 197 398 459 389 11 21 436 597 330 397 248 339 146 18 496 561 320 559 571 180 315 519 405 528 360 460 478 261 506 312 507
Route 9: 325 521 333 128 263 39 194 56 260 81 72 524 166 422 450 411 516 387 192 484 350 176 30 25 582 262 467 210 65 540 218 374 592 130 470 50 125 257 376 233 558 402 337 532 111 369 223 278 159 513 209 517 406 277 509 457 368 279
Route 10: 226 393 510 184 552 318 271 175 12 463 413 189 298 89 437 80 302 9 274 565 101 486 236 105 499 251 272 417 581 126 359 345 7 544 314 462 300 574 151 259 157 335 578 116 388 34 250 472
Route 11: 593 327 153 414 504 396 323 97 145 38 85 107 525 108 187 74 264 377 465 534 129 584 338 200 182 356 316 195 169 595 57 286 285 342 142
Route 12: 29 556 95 139 401 475 466 435 70 64 408
Vehicles: 12
Distance: 16863.38
