Route 1: 191 216 193 111 71 472 331 457 766 349 236 690 3 784 437 82
Route 2: 73 52 507 543 162 436 737 692 335 392 491 278
Route 3: 528 367 439 305 568 529 590 26 96 443 726 738 209 778 36 365
Route 4: 32 316 687 55 213 679 390 773 359 480 241 412 63 254
Route 5: 562 319 446 420 165 714 619 269 720 286
Route 6: 175 368 697 495 582 524 663 10 276 133 379 764 745
Route 7: 230 249 432 163 2 42 395 701 398 534 199 629 396
Route 8: 748 7 710 354 120 655 401 610 742 763 268 483 167 523
Route 9: 229 130 652 391 210 145 731 239 640 644 264 247
Route 10: 772 99 661 657 373 790 296 477 481 614 746 713
Route 11: 356 93 704 521 394 114 358 37 75 569 301
Route 12: 474 156 744 631 598 683 147 463 29 149 486 711
Route 13: 755 728 709 532 60 522 337 411 430 380
Route 14: 76 774 227 14 541 733 9 600 30 332 583 399
Route 15: 360 736 548 513 441 94 553 203 142 105 416
Route 16: 450 503 274 297 566 40 91 161 364
Route 17: 110 346 573 492 428 591 366 485 290
Route 18: 584 496 668 708 660 516 160 780 787 500
Route 19: 671 645 572 632 669 54 320 314 323 563 727 501 304 761
Route 20: 288 549 306 575 223 310 211 78 567 564 609 284
Route 21: 452 471 235 48 12 431 341 327 407 725
Route 22: 586 776 214 798 702 779 570 234 385 118
Route 23: 440 271 272 386 546 244 444 677 618
Route 24: 509 129 459 138 512 656 106 352 535 121 542
Route 25: 45 482 752 555 400 177 262 34
Route 26: 141 674 122 240 85 498 769 427 636 673 279
Route 27: 67 717 281 222 70 219 24 770 266 442 721
Route 28: 89 103 675 345 454 424 791 39 201 322 630 456 384
Route 29: 351 295 406 775 511 565 339 429 602 146
Route 30: 194 212 309 793 628 157 703 256 762 771 192 627 556
Route 31: 287 410 637 635 662 315 751 102 417 785 377
Route 32: 393 616 685 620 449 51 72 166 343 781 183 574 504 659
Route 33: 132 653 226 97 716 86 497 369 169
Route 34: 641 31 198 723 16 387 275 260 739 5 116
Route 35: 484 328 666 767 326 27 248 171 348 83
Route 36: 547 218 577 342 115 370 242 638 1 41
Route 37: 388 758 143 623 176 180 137 464 468 84 152
Route 38: 300 585 208 389 478 311 719 579 435 634 38
Route 39: 796 135 734 499 466 678 250 639 578 476 336
Route 40: 759 62 95 69 419 756 518 273 90 515 595
Route 41: 375 200 475 550 469 74 353 735 181 313 285
Route 42: 325 730 670 682 676 64 414 188 724 43 22
Route 43: 35 604 405 438 615 330 488 246 79 98
Route 44: 525 238 140 514 282 153 750 423 643 334 224
Route 45: 732 108 68 65 699 217 8 418 782
Route 46: 237 505 312 426 57 15 17 255 768 355 11 561 92
Route 47: 270 554 607 402 597 293 134 292 150 797
Route 48: 303 197 151 479 691 753 625 185 526 168 603
Route 49: 376 754 777 747 291 170 633 127 189 462 611 743
Route 50: 465 672 612 648 202 422 277 489
Route 51: 458 409 159 243 487 571 225 680 783 154
Route 52: 28 647 20 173 693 433 372 221 80 552
Route 53: 470 408 451 139 263 215 467 502 126 267
Route 54: 540 58 558 494 413 681 537 599 740 624 461
Route 55: 421 789 580 490 715 119 117 308 403 231 104 258 795
Route 56: 13 251 760 588 6 283 46 453 317 530
Route 57: 712 646 576 21 324 125 207 363 581 186
Route 58: 187 50 527 338 649 531 448 18 206 361 280 155
Route 59: 329 344 382 792 299 415 445 545 253 519
Route 60: 473 557 689 340 788 538 404 124 204 626 53 605 794 592
Route 61: 81 506 533 539 559 460 800 706 245
Route 62: 190 650 425 383 350 757 434 606 520 596 664 158
Route 63: 651 302 113 112 232 101 172 608 381 729
Route 64: 613 179 493 128 265 23 621 66
Route 65: 144 257 601 196 593 455 622 136 594 799 696 298
Route 66: 59 447 362 695 397 374 148 131 33 321 741 4
Route 67: 220 589 261 617 551 56 698 44 378 77 123
Route 68: 700 347 289 357 684 164 722 694 665 786 517
Route 69: 318 508 87 88 642 233 371 333
Route 70: 174 47 307 100 107 667 294 658 510 205
Route 71: 686 19 184
Route 72: 749 587 195 688 25 654 259 49 536
Route 73: 544 252 705 718 178
Route 74: 707 228 182 109
Route 75: 765
Route 76: 61 560
Vehicles: 76
Distance: 41284.67
