Route 1: 493 273 1 559 653 485 520 233 584 452 526 16 512 236 585 297 640 639 711 494 457 704 586 606 506 576 489 477 224 287 590 507 32 25 184 544 56 589 376 791 53 45 95 5 580 331 436 71 47 377 672 703 382 221 103 46 400 667 251 501 571 237
Route 2: 381 451 749 248 315 290 521 127 44 279 403 222 399 12 771 604 527 225 533 474 72 375 374 550 795 692 523 764 213 669 358 17 744 594 532 197 243 657 659 409 660 411 264 318 701 760 228 696 359 133 646 662 137 466 208 164 296 464 775 681
Route 3: 618 344 194 788 592 684 94 218 2 418 566 68 393 288 275 455 202 329 623 231 136 267 106 655 98 784 647 20 82 13 652 423 155 351 634 90 334 345 163 454 366 517 750 368 620 240 70 626 129 371 553 611 57 161 609
Route 4: 614 139 712 192 216 282 482 440 291 658 407 616 475 419 733 27 182 172 416 582 673 235 602 341 678 426 196 269 262 119 415 4 792 63 48 663 528 118 79 332 372 24 365 767 793 417 747 175 31 215 328 579
Route 5: 180 144 67 536 497 505 459 105 100 633 597 643 548 498 612 443 578 433 420 51 439 710 773 490 116 104 798 28 169 422 383 437 389 561 568 718 518 397 778 797 743 245 156 379 624 392 645 781 562 481 274 244 131 128
Route 6: 755 384 58 581 405 76 720 442 126 587 87 525 88 772 695 188 470 794 142 641 425 724 49 150 120 386 625 299 448 348 757 483 39 253 541 546 671 737 367 412 302 226 141 515 263 780 700 191 268 247 555 74 723 316 277
Route 7: 650 117 176 210 37 112 588 333 148 380 736 130 601 774 232 336 702 628 388 187 160 675 84 610 347 476 64 93 471 746 595 195 554 270 717 173 547 765 615 292 504 799 265 330 514 227 603 284 605 30 458 266 551 362 124 38 217 219 293 783
Route 8: 722 80 552 698 391 50 591 679 727 390 677 370 699 649 706 364 143 632 430 768 495 317 644 534 664 250 256 313 487 102 500 170 621 149 730 694 484 687 134 445 467 200 713 360 741 539 642 145 631 69 353 54 42 179 396 209 763
Route 9: 414 463 280 108 424 622 670 734 753 402 630 654 563 174 469 635 449 761 800 62 34 83 676 567 158 220 183 89 570 321 607 446 413 198 564 91 138 178 725 460 756 496 239 234 223 323 29 286 238 85 272 300 201
Route 10: 508 373 619 729 153 577 465 168 340 254 23 111 762 556 189 319 322 363 408 354 151 107 535 338 786 301 530 766 35 583 473 177 776 421 110 593 308 438 249 636 629 680 18 401 787 36 608 61 557 314 395 305 742 343 242 261 55 627 432 7 683
Route 11: 352 255 575 668 752 721 40 92 356 748 486 777 543 600 22 682 109 637 686 674 510 519 770 306 739 728 529 387 540 258 294 480 537 726 121 398 617 75 441 43 431 716 524 206 285 204 135 691 324 252 166 229 230 113 638 159
Route 12: 11 719 15 207 428 115 785 491 758 661 211 572 10 782 689 574 599 648 283 690 295 349 140 101 693 406 740 738 665 162 73 735 549 410 214 462 479 357 453 278 598 339 427 709 199 185 385 378 152 531 759
Route 13: 304 509 327 350 447 573 707 320 444 456 78 181 337 21 769 167 542 193 488 434 205 342 511 19 565 114 310 745 81 312 276 596 41 186 260 60 429 9 468 450 325 569 731 307 404
Route 14: 369 558 289 656 326 335 26 6 52 246 789 715 97 651 309 705 754 538 86 59 666 241 298 516 355 751 796 257 3 122 96 311 154 259 503 66 346 165 203 545 435 790 513 212 14 461 303
Route 15: 688 522 492 708 502 99 125 123 697 478 779 472 613 146 132 190 560 157 171
Route 16: 394 685 65 361 33 499 271 281 77 8
Route 17: 714 732 147
Vehicles: 17
Distance: 42360.95
