Route 1: 713 25 150 243 141 298 101 231 578 618 266 403
Route 2: 352 193 743 257 264 336 585 500 569 26 525
Route 3: 658 487 656 496 494 393 604 62 208 228 701 392
Route 4: 176 88 527 315 753 749 350 96 130 596
Route 5: 79 577 626 741 153 729 95 394
Route 6: 7 595 612 771 429 334 440 234 202 376
Route 7: 174 400 278 372 81 570 653 448 472 104 591 210
Route 8: 461 722 737 99 188 607 20 37 244
Route 9: 115 546 123 716 338 524 89 587 22 778 774
Route 10: 491 199 676 773 186 339 798 685 419
Route 11: 732 706 147 651 748 274 80 428 236 86 425 717
Route 12: 364 616 726 279 106 553 246 366 326
Route 13: 644 777 276 78 565 649 253 311 267 657 361 385
Route 14: 489 418 691 519 498 630 532 709 2 94 602 229
Route 15: 56 49 162 185 93 345 476 416 52 459 734 18
Route 16: 329 511 762 290 423 192 11 287 518 240 360 146 407
Route 17: 492 163 91 265 725 521 220 568 363 204 156 756
Route 18: 672 117 675 788 629 331 219 177 357 324 474 490
Route 19: 370 222 299 63 374 632 495 592 686 426 152
Route 20: 129 27 134 786 187 704 85 242 754 29 386 411
Route 21: 6 159 212 759 21 437 223 755 282 54 194 238
Route 22: 695 556 109 321 173 198 572 283 157 224 118 325
Route 23: 615 343 201 42 207 408 61 420 497 10 260
Route 24: 38 397 327 251 515 252 367 60 301 135
Route 25: 779 750 690 168 635 262 705 666 111 285 171 227
Route 26: 269 398 763 221 158 609 318 684 355 742 97 634
Route 27: 738 191 674 316 48 59 783 610 167
Route 28: 520 68 668 467 597 306 165 19 708 513 371
Route 29: 226 13 427 535 313 770 351 270 399 373 689 105
Route 30: 379 46 794 237 636 232 772 124 456 563 760
Route 31: 304 446 195 533 733 552 768 623 464 67 136 166
Route 32: 574 441 164 549 148 422 652 478 605
Route 33: 377 277 235 800 702 288 114 214 671 669 460 151
Route 34: 424 776 516 622 391 450 12 258 715
Route 35: 620 145 131 259 139 359 688 643 406 275 182
Route 36: 436 384 619 268 603 353 793 745 781 230
Route 37: 714 471 64 314 547 178 711 380 402 348
Route 38: 291 180 663 614 769 263 586 9 795 697
Route 39: 335 233 169 504 206 647 323 575 719 200
Route 40: 34 601 600 670 196 678 784 241 205 599 541
Route 41: 538 723 256 100 43 481 523 189 707 589 414
Route 42: 74 593 558 720 71 767 454 731 82 728 580
Route 43: 452 561 310 216 785 567 154 296 458 540 482
Route 44: 369 470 718 328 765 15 507 502 144 677 485 340
Route 45: 255 439 545 543 312 271 330 119 172 724
Route 46: 641 583 576 531 383 292 611 650 160 387
Route 47: 132 501 608 280 752 143 692 69 273 721
Route 48: 736 342 528 696 390 142 413 751 432
Route 49: 375 590 133 628 522 638 588 621 529
Route 50: 297 41 796 213 655 303 358 322 537 344 699
Route 51: 740 368 55 462 16 791 382 354 66 766
Route 52: 453 560 349 300 107 32 582 799 431
Route 53: 137 617 417 584 410 356 23 438 473 261
Route 54: 247 434 341 381 703 128 659 396 76 239
Route 55: 33 627 442 127 90 31 405 4 337
Route 56: 664 744 761 30 307 792 395 47
Route 57: 98 320 447 667 39 332 566 183 534
Route 58: 378 421 87 598 103 484 215 579 35
Route 59: 530 469 209 789 506 639 550 730 554
Route 60: 211 625 449 694 640 110 281 50
Route 61: 249 45 333 687 389 660 175 309
Route 62: 493 509 654 116 77 787 747 633 499 443
Route 63: 661 536 700 295 510 24 581 739 542 121
Route 64: 14 92 346 412 624 73 289 294 548 646
Route 65: 319 544 70 571 613 679 480
Route 66: 138 645 120 51 218 84 404 735 455 317
Route 67: 433 179 184 248 631 557 475 758
Route 68: 642 308 662 149 430 409 250 780
Route 69: 28 72 559 362 466 36 790 401 444
Route 70: 764 477 388 284 272
Route 71: 126 451 594 305 483 58 712
Route 72: 797 505 122 514 75 190 526 648 170 683
Route 73: 83 217 40 112 365
Route 74: 44 468 3 161 463 465 181
Route 75: 710 140 539 555 512 286
Route 76: 488 8 197 445 682 564
Route 77: 508 681 637 53 293 693 680
Route 78: 302 698 727 57 113 486 65
Route 79: 503 573 225 1 108 746
Route 80: 155 673 245 562 782
Route 81: 5 347 606 415 203
Route 82: 757 517 665 775 435
Route 83: 479 254 457 125 17 551 102
Vehicles: 83
Distance: 38365.93
