Route 1: 183 61 148 217 376 737 574 505 236 94 314 632 728 287 525
Route 2: 296 187 64 375 103 176 332 279 483 134 619 349 144 121
Route 3: 115 652 152 87 777 173 794 698 91 34 786
Route 4: 351 184 452 752 763 453 212 238 86 140 403 563 629 541 90
Route 5: 266 684 399 130 395 59 258 267 362 586 195 33
Route 6: 430 538 716 157 613 25 651 206 129 106 673 329 338
Route 7: 725 396 365 318 796 200 448 460 785 250 371 599
Route 8: 775 493 116 490 666 591 356 169 2 224 146 208
Route 9: 204 740 499 100 225 697 174 7 153 131 298 596
Route 10: 37 170 83 276 788 735 776 24 484 560 370 231
Route 11: 602 331 111 761 686 546 380 117 528 352 635 467 641
Route 12: 588 120 598 98 155 608 226 414 600
Route 13: 408 680 644 377 341 577 259 277 575 787
Route 14: 239 536 519 374 410 709 710 28 301
Route 15: 439 557 110 736 610 782 58 274 482
Route 16: 783 323 531 151 1 381 767 269 197 102 317 561 579 74
Route 17: 676 215 604 54 615 731 52 784 107 336
Route 18: 339 158 789 165 88 681 4 462 282 548 612 150
Route 19: 559 477 340 194 235 240 93 601 669 436 304
Route 20: 78 487 265 293 344 678 300 455 509 572
Route 21: 315 309 653 353 457 603 524 584 398 113 438 743
Route 22: 475 685 639 643 506 497 423 36 425 294
Route 23: 247 185 8 774 445 502 166 289 295 198 675 186 583
Route 24: 388 422 721 69 501 682 383 361 662 346 368 555 207
Route 25: 578 242 589 51 92 178 216 114 330 469 29
Route 26: 537 404 48 179 222 168 397 667 202
Route 27: 446 10 136 364 22 286 597 39 6
Route 28: 16 511 320 133 648 359 181 109 252 671 66 719
Route 29: 765 723 167 255 542 172 628 663 745 412 60
Route 30: 456 647 494 13 558 466 15 391 241 458
Route 31: 658 128 275 21 264 189 237 306 638 529 688 411 17 337
Route 32: 504 661 754 390 196 188 324 799 451 592 62
Route 33: 137 31 607 500 711 326 593 40 609 581 199
Route 34: 727 292 201 471 491 290 689 440 755 387 569
Route 35: 302 751 360 790 310 243 677 692 695 729 701 444
Route 36: 81 268 261 223 703 622 744 489 246 443
Route 37: 704 605 393 674 567 498 278 522 162 479 656
Route 38: 80 645 580 722 124 405 218 757 441 626 149
Route 39: 220 101 472 378 379 108 753 739 759 424
Route 40: 409 585 244 251 700 420 159 718 232 756 633
Route 41: 65 418 272 319 474 566 544 620 450 219 564
Route 42: 463 85 442 147 437 770 32 702 534
Route 43: 481 694 417 45 342 245 105 625 57 257 454 495 182
Route 44: 335 63 41 573 55 14 139 526 623 308 299 510
Route 45: 50 508 670 687 749 715 42 283 726 72 142 468 53 517 49
Route 46: 211 233 104 234 43 280 447 312 764 9
Route 47: 357 606 73 141 733 354 429 473 797 347 649 389 191 642
Route 48: 758 465 3 791 769 89 449 800 27 126 464 595
Route 49: 433 551 205 413 227 95 507 435 70
Route 50: 717 281 742 690 476 373 582 660 730
Route 51: 402 291 135 273 762 190 321 366 771 313
Route 52: 138 343 334 44 539 260 154 123 738 369 23 221
Route 53: 431 394 171 363 712 570 535 478 406 288
Route 54: 554 230 646 565 760 618 520 333 71 562 156
Route 55: 384 355 640 650 213 125 543 699 550 621
Route 56: 636 161 367 322 262 249 793 307
Route 57: 532 96 192 496 750 665 587 768 488 118
Route 58: 518 47 521 84 611 459 503 480 285 416
Route 59: 97 732 708 734 547 407 214 614 705
Route 60: 527 145 533 720 256 514 485 630 350
Route 61: 659 163 545 672 772 263 523 76 180 512 327
Route 62: 303 634 637 305 253 46 316 77 746
Route 63: 515 627 421 38 228 229 795 79 12 119
Route 64: 624 530 67 345 35 486 679 20 654
Route 65: 713 657 492 122 271 664
Route 66: 26 798 75 540 18 358 594 311 175 552 210
Route 67: 68 248 164 724 706 571 400 19 556 401 714
Route 68: 415 766 748 616 385 11 56
Route 69: 419 513 780 372 470 434 631 203 691 683
Route 70: 386 590 778 428 516
Route 71: 668 284 328 193 160 348
Route 72: 209 741 792 254 707
Route 73: 747 177 617 549 132 392
Route 74: 553 127 781 112
Route 75: 693 325
Route 76: 461 30
Route 77: 576
Route 78: 382 655
Route 79: 427 82 99
Route 80: 773
Route 81: 5
Route 82: 568 779
Route 83: 143
Route 84: 297
Route 85: 696
Route 86: 432
Route 87: 426 270
Vehicles: 87
Distance: 58523.00
