Route 1: 652 16 796 407 404 396 24 326 445 617 247 87 615 51 352 466 347 109 517 655 307 249 525 351 690 387 206 218 741 718 214 29 533 595 674 375
Route 2: 777 666 52 633 317 518 673 496 491 202 429 735 416 45 164 476 281 23 66 778 535 4 728 656 767 465 654 274 645 410 358 153 637 127 720 104
Route 3: 116 607 592 566 702 411 60 112 237 630 631 699 142 266 6 359 390 482 752 55 378 185 622 734 549 283 295 299 487 422 716 399 527
Route 4: 661 618 106 190 689 341 365 580 262 799 587 551 95 149 555 345 257 71 334 140 255 103 719 13 438 68 749 781 686 568 256 354 152 751 75 139
Route 5: 543 321 515 92 576 135 246 649 420 224 145 36 786 616 126 107 162 470 225 492 570 521 619 486 330 251 27 526 287 205 477 678 501 186 572
Route 6: 408 474 179 181 531 146 203 556 772 265 235 663 484 597 273 327 293 441 21 660 371 241 91 552 705 313 118 53 710 462 682 226 788 195
Route 7: 451 505 738 800 414 376 504 514 708 519 703 460 563 746 586 647 448 747 191 665 201 59 431 500 424 569 48 591 221 522 364 444 154 49 676
Route 8: 96 100 128 744 402 324 456 540 367 760 355 50 5 264 779 83 610 88 509 432 611 560 442 530 373 189 231 754 219 724 541 596 383
Route 9: 608 748 143 433 175 437 155 428 567 644 119 625 603 19 81 86 28 547 537 590 291 473 46 493 275 598 148 171 210 8 391 685
Route 10: 147 2 712 634 305 32 508 797 372 43 138 343 413 31 113 252 704 789 571 723 539 415 245 701 507 729 792 687 577 102 12 795 346 548 332
Route 11: 110 108 285 497 212 443 439 158 782 662 461 79 306 759 561 455 688 409 627 513 361 679 336 65 450 677 554 114 63 33 339 215 753
Route 12: 337 427 228 388 395 134 263 446 447 463 379 614 494 639 302 243 11 335 10 223 485 646 41 739 532 180 93 14 232 578 174 363 512 711
Route 13: 37 236 478 683 726 524 430 403 240 261 300 310 294 756 675 298 498 319 623 292 680 34 468 67 340 696 502 144 564 672 385 253 3 316
Route 14: 220 436 745 664 769 776 464 248 374 132 80 562 177 170 692 583 74 207 301 222 558 77 193 766 780 156 523 794 579 480 643 773 628 61 7 488
Route 15: 681 642 284 529 706 791 44 286 565 506 606 213 259 440 697 276 457 770 499 199 671 98 765 368 58 90 542 658 78 381 173 393
Route 16: 426 267 20 573 600 160 260 421 54 62 648 35 585 725 97 698 651 320 254 353 458 131 308 382 733 412 194 208 111 26
Route 17: 602 344 328 360 743 167 588 581 546 296 217 394 785 709 234 323 757 165 117 322 157 25 356 510 369 204 176 311 528 333 183
Route 18: 714 312 315 594 73 798 453 584 635 750 469 161 85 731 370 612 166 380 331 621 397 452 366 626 559 15 348 39 638 151 325 159 1 22 392
Route 19: 768 136 695 384 471 516 239 268 472 150 406 386 545 121 64 620 288 405 550 389 574 763 216 593 700 536 736 715
Route 20: 604 669 163 196 511 691 774 740 270 362 258 280 314 130 357 790 483 503 613 784 557 188 279 17 129 42 459 629 9 141 737
Route 21: 242 84 398 400 282 575 250 454 56 115 582 668 244 269 168 76 200 793 211 761 434 101 599 377 57 490 69 423 318 94 122 717 553 277
Route 22: 349 123 233 755 38 303 624 653 297 693 124 278 418 764 178 534 227 99 481 271 787 640 137 694 350 713 771 338 197
Route 23: 657 670 589 47 636 601 198 238 520 762 609 489 775 182 172 538 730 783 272 230 290 105 684 70 289
Route 24: 133 229 641 667 192 425 89 125 401 342 435 544 650 40 184 18 209 169 120 417 329 727 707 659 721 495 82 30 758 479 732
Route 25: 304 467 722 605 475 309 632
Route 26: 187 742 449 419 72
Vehicles: 26
Distance: 17790.83
