Route 1: 191 528 32 254 523 437 690 236 349 766 73 3 52 784 737 391 652 543 145 162 436 692 130 229 644 366 485 331 507 472 71 463 524 392 335 486 384 118 748 111 679 365 269 629 146 92 429 602 568 745 193 396 230 199 359 390 216 367 82 714 477 286 457
Route 2: 562 764 495 450 645 360 379 156 582 133 368 175 697 671 105 142 513 441 94 149 29 683 631 598 503 147 161 10 203 752 54 563 669 632 572 553 323 727 416 198 97 262 274 474 663 630 555 34 657 761 91 364 210 239
Route 3: 209 778 36 772 446 319 420 99 356 76 93 704 114 521 394 301 736 548 320 314 165 746 614 774 720 227 590 14 529 26 96 78 306 223 310 211 733 583 68 738 564 65 623 574 567 726 687 155 285 137 418 217 405 176 143 541 284 241 213 48 773 63
Route 4: 411 480 412 316 55 399 439 443 713 288 549 9 575 152 600 30 332 758 51 449 351 458 435 159 409 243 187 438 208 604 719 300 504 634 38 225 487 571 680 580 117 119 490 715 789 308 206 361 699 795 296 8 782 84 464 609 468 278 305
Route 5: 247 346 584 573 428 264 640 385 89 103 675 270 345 454 325 791 201 39 424 470 312 426 17 724 15 57 355 702 315 662 214 135 561 586 785 776 570 234 670 377 682 676 502 467 43 417 456 731 734 336 787 500 535 24 298 442 709 380
Route 6: 728 755 534 432 163 2 272 522 271 532 509 484 138 67 222 281 717 401 742 610 7 354 120 655 710 763 268 219 656 512 352 106 337 60 386 546 398 677 12 342 498 735 242 353 618 459 430 322 348 181 1 41 249 276
Route 7: 45 744 177 275 400 86 716 557 689 497 387 260 739 340 788 538 404 723 16 134 289 684 347 184 182 164 109 139 665 408 768 402 215 263 797 297 153 40 517 451 131 33 786 566 333 292 501 5 116 255 64 741 321 597 150 226 169
Route 8: 616 685 547 725 122 244 407 674 141 341 129 395 440 701 471 327 431 235 240 330 389 72 781 183 475 277 200 221 370 115 452 279 783 552 80 246 98 79 85 636 427 769 388 579 154 673 74 444 638 489 422 205 721
Route 9: 481 515 540 793 309 37 75 373 358 661 790 303 518 62 212 759 756 95 90 537 599 628 69 419 681 324 125 363 712 762 595 194 295 406 619 273 157 569 653 605 371 192 66 434 253 753 603 556 81 794 369 245 158 706 304
Route 10: 42 70 542 668 287 516 635 637 779 492 591 160 110 326 140 248 666 27 170 257 747 127 633 770 483 328 224 639 476 643 171 514 578 290 250 729 283 148 112 678 167 780 83 611 750 462 696 667 536 178 202 266 510 488
Route 11: 238 496 708 525 491 660 410 796 237 505 102 798 751 13 588 499 251 453 6 711 760 317 530 743 730 101 362 397 374 302 414 232 695 267 113 188 204 293 357 413 299 126 172 381 11 423 799 25 22 624 771 339 180
Route 12: 132 31 641 473 607 707 722 694 700 124 626 539 533 383 592 757 261 617 233 482 329 415 800 53 123 775 740 621 19 56 698 664 185 627 18 186 378 531 108 461 44 625
Route 13: 393 218 577 478 311 35 50 527 343 585 620 166 104 220 231 403 649 61 560 338 792 382 581 448 550 49 469 659 280 77 615
Route 14: 466 334 121 767 282 754 777 291 465 672 195 594 749 587 100 688 136 593 196 601 622 455 107 20 173 612 648 28 376 654 313 372 259 658 144
Route 15: 544 558 58 565 646 511 21 207 576 732 494 519 493 526 691 151 168 479 445 606 545 88 265 596
Route 16: 375 294 174 47 693 307 433 189 647
Route 17: 554 608 46 651 59 4 447 765 228
Route 18: 703 256 197 179 506 460 559 686 650 425 350 190 520 508 551 87 23 318 642 128
Route 19: 421 613 252 705 718 344
Route 20: 258 589
Vehicles: 20
Distance: 33511.42
