Route 1: 113 175 155 78 122 13 43 2 90 67 17 39 107
Route 2: 45 178 27 20 173 154 64 61 100 179 109
Route 3: 44 102 131 62 192 146 68 76 74 149
Route 4: 41 85 80 31 24 77 25 172 110 162 59
Route 5: 30 120 19 196 152 153 97 28 96 130 15 198
Route 6: 73 116 66 129 6 11 91 70 139 99 53
Route 7: 101 144 119 166 35 126 71 9 1 183 138 137
Route 8: 133 48 26 40 169 89 105 14 42 87 92 123
Route 9: 12 164 47 147 160 200 69 174 189
Route 10: 135 58 55 93 184 81 199 37 157 187 111 56
Route 11: 190 193 10 5 46 128 106 95 167 34 158 108
Route 12: 57 118 83 143 176 4 36 33 121 165 188
Route 13: 114 159 38 151 150 22 140 16 142 63 49
Route 14: 21 134 170 50 156 112 168 79 29 52
Route 15: 103 124 197 148 141 51 94 136 117
Route 16: 60 82 180 84 191 72 125 7 181
Route 17: 104 23 182 75 163 194 145 195
Route 18: 18 54 185 161 8 186 127 98
Route 19: 171 86 65 32 115
Route 20: 177 3 88 132
Vehicles: 20
Distance: 3980.85
