Route 1: 87 149 35 60 99 121 181 101 111 97 105 119
Route 2: 140 196 73 20 32 138 39 174 83 52 45 24 108
Route 3: 81 132 41 150 36 137 14 80 175 9 197
Route 4: 155 1 143 113 69 134 103 154 59
Route 5: 157 72 188 54 125 56 33 129 164 141 70 107 91
Route 6: 18 67 3 5 68 64 195 160 25 79 156 172 198
Route 7: 46 106 89 151 114 37 29 65 82 74
Route 8: 7 63 44 50 66 131 130 182 28 27 61 75
Route 9: 4 15 184 153 94 12 19 178 23 22 96 110
Route 10: 55 117 86 133 109 180 116 11 49
Route 11: 112 145 161 92 165 124 31 185 169 148
Route 12: 57 173 152 34 38 62 84 90 118 88 183
Route 13: 168 26 48 146 122 170 53 192 200 40 128
Route 14: 13 104 100 136 95 159 177 102 10 77
Route 15: 158 51 123 176 21 126 78
Route 16: 120 139 187 162 171 17 42
Route 17: 147 199 93 135 166 193 167 186 179 190
Route 18: 85 71 144 191 43
Route 19: 30 2 163 98 6 189 58 127 47
Route 20: 115 16 8 76 194 142
Vehicles: 20
Distance: 5375.28
