Route 1: 113 155 78 175 13 43 2 90 67 17 39 107 179
Route 2: 45 178 27 173 154 24 61 100 64 162 133 109
Route 3: 62 131 44 102 146 19 196 28 68 76
Route 4: 30 120 192 40 97 14 96 130 15 74 149 59
Route 5: 20 41 85 80 31 25 172 77 110 147 73
Route 6: 164 91 12 129 11 6 122 139 116 144 166 53
Route 7: 101 119 35 126 71 9 1 99 55 135 137
Route 8: 48 26 152 153 169 89 105 42 123 198
Route 9: 66 160 47 70 174 136 189 124 200
Route 10: 93 63 58 184 199 37 81 138 183 114 56
Route 11: 57 118 83 176 36 33 121 165 188 108 10
Route 12: 190 5 106 193 46 128 167 34 95 158 72
Route 13: 170 134 50 156 112 168 79 29 87 92 163 75
Route 14: 180 143 82 125 4 191 84 60 181
Route 15: 159 38 150 22 151 16 140 187 142 111 104
Route 16: 148 103 197 141 69 51 94 86 65 171
Route 17: 161 3 18 54 185 132 7 117 49
Route 18: 21 23 182 194 145 195 52
Route 19: 32 115 157
Route 20: 177 88 8 186 127 98
Vehicles: 20
Distance: 3822.86
