Route 1: 142 153 49 14 6 78 171 130 187 163 28 47 150 174
Route 2: 4 100 89 54 140 64 30 67 39
Route 3: 92 182 57 195 154 158 82 66
Route 4: 132 200 149 63 162 126 79 135 120 96 76 175 97
Route 5: 37 9 12 21 139 143 59 188 29 166 107 194 70
Route 6: 24 48 3 43 124 102 156 131 180 136 196 190 44 95 19
Route 7: 98 72 169 152 183 18 179 178 36
Route 8: 133 147 40 16 119 161 198 22 129 55 41
Route 9: 84 199 134 58 191 69 113 71 87 17
Route 10: 167 184 15 7 68 110 27 80 83
Route 11: 173 86 165 85 32 45 108 38 23 114 50 81 11
Route 12: 88 105 127 118 176 137 123 13 8 60 1 34 2
Route 13: 197 62 26 159 186 138 46 5 172 42 73
Route 14: 20 122 35 25 103 90 116 145 91 148
Route 15: 177 109 160 94 125 128 65 155 144 115 121 75
Route 16: 31 117 56 112 151 192 99 189 157 33
Route 17: 181 164 77 104 10 170 93 146 193 141 185
Route 18: 61 111 51 106 74
Route 19: 168 53 101 52
Vehicles: 19
Distance: 4518.11
