Route 1: 152 88 209 185 10 286 336 3 354 150 311
Route 2: 115 126 398 66 331 325 368 37 20 97 13 241
Route 3: 366 83 206 184 99 300 257 76 33 157 217
Route 4: 375 149 101 7 212 28 255 15 175 130 36
Route 5: 343 269 64 208 100 145 318 106 297 329 260 163
Route 6: 267 364 340 373 167 148 164 367 391 277
Route 7: 301 139 280 392 191 349 344 356 91 372 107
Route 8: 29 237 47 169 305 219 393 9 12 198 299 249
Route 9: 332 310 165 312 339 262 8 43 230 34 400 224 41
Route 10: 92 266 197 308 146 268 79 386 81 278
Route 11: 387 225 246 179 379 319 323 188 231 84 59 159
Route 12: 102 69 222 304 71 211 288 6 253 68 378
Route 13: 23 221 294 351 270 134 371 151 58 315 80
Route 14: 360 112 135 140 90 291 321 196 70
Route 15: 45 118 381 202 342 42 21 346 309 186
Route 16: 105 154 395 272 306 377 124 2 347 376 292 109
Route 17: 322 261 284 120 213 60 313 53 296 86
Route 18: 94 54 180 125 238 18 195 334 397
Route 19: 49 298 87 30 302 201 25 96 353
Route 20: 73 52 16 314 136 317 22 399 132 265 279
Route 21: 141 252 370 218 274 138 4 190 275 240 290 56
Route 22: 114 44 348 235 388 281 129 263 176 137 384 359
Route 23: 155 214 355 162 247 117 352 282 26 350 75 172 326
Route 24: 38 194 32 374 111 264 363 251 316 276 307 142
Route 25: 335 385 199 82 93 293 254 131 161 121 205 193
Route 26: 78 285 358 207 273 200 119 123 228 232
Route 27: 226 227 361 341 183 320 168 283 289 158 104
Route 28: 63 382 233 173 55 50 383 256 338 133 62
Route 29: 357 77 327 74 394 14 113 178 35 369 98
Route 30: 287 108 362 248 244 239 192 243 171 31 128 27
Route 31: 324 39 210 19 396 65 259 127 389 51
Route 32: 182 236 61 11 170 110 250 234 57 390 174
Route 33: 216 203 365 143 187 40 89 258 160 337
Route 34: 303 144 24 220 229 204 295 103 122 166 46
Route 35: 17 72 330 215 147 153 242 177
Route 36: 181 380 85 328 95 223 345
Route 37: 156 333 67 245
Route 38: 189 271 48
Route 39: 5 1 116
Vehicles: 39
Distance: 10407.02
