Route 1: 286 217 88 185 209 10 152 336 3 15 241
Route 2: 126 115 398 331 66 277 325 368 20 37 249 311
Route 3: 150 83 206 366 354 175 99 300 13 76 372
Route 4: 343 64 100 269 208 145 318 106 297 329 224 163
Route 5: 97 375 149 33 101 212 169 184 107 130
Route 6: 29 360 47 255 7 257 28 305 239 192 27
Route 7: 301 139 280 36 392 191 349 344 91 134
Route 8: 12 157 393 237 9 299 219 196 321 128 234
Route 9: 267 364 340 373 167 148 367 378 164 391
Route 10: 92 310 339 266 308 146 268 79 230 43 41
Route 11: 332 179 400 387 319 260 8 81 246 34 84
Route 12: 165 94 180 379 262 386 312 225 323 197 232 42
Route 13: 186 154 155 381 202 342 309 21 346 45
Route 14: 80 315 221 151 284 351 58 356 293 60 53 86
Route 15: 198 135 112 291 140 279 90 25
Route 16: 105 395 361 118 272 306 377 124 2 347 376
Route 17: 278 231 78 54 159 304 71 211 59 253 327
Route 18: 63 270 193 23 111 194 264 363 251 316 276 142
Route 19: 56 141 252 290 370 274 138 170 4 190 275 240
Route 20: 303 385 296 335 82 359 254 50 383 261 313
Route 21: 49 298 302 87 70 201 96 353 399
Route 22: 222 69 102 77 113 68 14 288 6 178
Route 23: 213 121 19 322 120 55 161 131 294 259
Route 24: 334 358 195 18 285 188 125 200 228
Route 25: 114 348 44 388 235 281 129 263 147 176 137 384
Route 26: 24 93 144 199 229 204 220 295 103 122 166 258
Route 27: 203 365 273 216 207 341 187 238 119 183 123 75
Route 28: 324 333 38 371 67 307 396 245 242 250
Route 29: 31 362 108 287 248 171 243 132 30 227 104
Route 30: 292 172 109 397 350 26 40 162 320 168 283 289
Route 31: 265 380 85 73 95 177 317 22 98 223
Route 32: 17 326 214 72 355 117 247 282 352 89 158
Route 33: 52 136 16 314 328 65 205
Route 34: 133 39 32 374 210 382 338 256 153
Route 35: 394 74 357 218 11 369 110 35
Route 36: 181 1 116 62 233 173 46
Route 37: 174 271 244 189 61 57 48 345
Route 38: 236 182 390 127
Route 39: 5 337 160 226 143 215
Route 40: 51 389 156 330
Vehicles: 40
Distance: 11266.09
