Route 1: 99 75 25 170 144 191 302 65 167 314 114 369 94 112 117 159 44 216 296 324 51 188 339 61 301 363 98 195 246 213 391 15 174 27 396 162 150
Route 2: 31 49 245 211 89 292 333 12 171 152 210 185 375 279 397 251 232 184 143 219 155 29 336 217 393 66 390 361 176 242 218 259 255 88
Route 3: 238 115 262 124 177 362 129 313 18 293 182 96 140 250 120 274 26 215 145 318 354 133 119 337 92 38 364 16 266 340 72 307 76 308 59 19
Route 4: 22 325 100 370 2 189 357 284 275 7 101 28 297 351 205 355 36 179 68 316 322 42 231 8 305 381 234 48 243 71 286 40 164 70 109
Route 5: 137 21 240 154 34 80 226 87 260 158 352 151 212 283 30 57 196 268 306 214 326 319 330 392 382 244 366 221 276 288 320 138 35 294 371
Route 6: 383 147 252 341 329 269 335 271 388 69 197 280 398 373 241 208 11 209 148 41 116 258 312 343 118 130 86 52 270 6 249 247 93 131 106
Route 7: 37 222 73 97 146 121 350 349 178 248 172 379 256 103 125 331 183 317 233 17 338 3 254 253 77 230 199 33 282 187 132 108 193 58
Route 8: 62 239 323 64 128 84 387 20 23 9 348 149 192 204 39 395 311 300 165 291 135 63 134 107 43 85 374 277 332 90 56 126 82 347 45
Route 9: 53 372 1 203 67 104 224 353 264 139 190 385 194 278 54 237 299 136 281 399 267 229 273 261 153 207 303 376 161 368 344 345 309 235 367
Route 10: 225 290 127 358 321 236 4 102 91 79 315 400 295 169 304 14 384 46 173 24 220 228 356 328 265 257 365 378 160 380 47 32
Route 11: 166 175 105 377 198 163 60 272 122 360 389 186 141 386 201 285 123 13 310 289 181 74 81 334 156 327 5 168
Route 12: 346 359 50 157 202 200 206 113 223 78 10 95 142 394 55 111 110
Route 13: 298 287 227 180 263 83 342
Vehicles: 13
Distance: 6657.23
