Route 1: 216 170 296 75 324 262 177 133 119 18 140 293 182 124 120 250 274 59 19 307 259 308 319 364 38 92 88 340 99 16 266 72 255 76 396 150
Route 2: 162 391 174 213 27 15 218 22 100 7 28 101 297 351 29 205 143 232 245 336 184 155 219 393 217 246 195 98 66 242 363 109 176 390 361
Route 3: 144 25 37 115 129 302 191 362 313 112 94 114 103 187 183 193 58 382 330 65 17 233 314 392 366 265 320 96 221 33 282 294
Route 4: 31 49 239 211 62 292 51 188 333 185 339 210 152 171 397 251 375 279 68 12 316 322 42 231 8 305 234 301 61 286 243 48 70 164 131
Route 5: 371 35 276 225 238 337 345 309 369 44 117 172 108 125 159 13 285 32 123 47 380 160 289 121 181 74 365 378 106 247 40
Route 6: 325 21 240 154 34 189 370 275 357 2 284 151 212 283 352 237 260 87 200 273 399 229 80 303 207 30 153 376 161 215 145 326 368 344 318 354
Route 7: 252 329 341 147 383 388 269 335 271 249 69 241 197 93 398 373 11 208 258 280 116 41 381 209 130 6 270 86 52 71 82
Route 8: 331 256 379 146 222 73 97 163 349 60 186 360 122 272 350 389 132 199 338 3 24 77 230 228 328 244 317 167 288 315 356 138
Route 9: 137 1 53 67 104 372 224 353 139 190 385 194 278 54 26 299 306 196 268 226 214 267 136 281 261 57 310 158 55 111 81
Route 10: 89 323 64 166 84 36 355 387 23 9 359 204 165 39 395 300 291 311 179 135 107 43 63 134 85 45 277 332 90 56 126
Route 11: 235 290 367 127 321 236 358 254 253 295 263 83 169 14 304 384 4 173 46 102 220 91 400 342 79 257
Route 12: 192 110 20 203 227 287 298 180 178 248 141 386 201 148 312 343 118 168 394 334
Route 13: 175 377 346 347 128 105 348 157 156 50 198 202 142 113 206 95 327 5 223 10 78
Route 14: 264 149 374
Vehicles: 14
Distance: 6785.07
