Route 1: 171 350 78 278 83 55 132 65 355 167 179 309 64 316 131 213 31 124 290 266 339 272 6 80 178 112 150 333 319 15 335 22 338 206 305 344 215 356 254 36 105 39 302 119 293 101 385 107 361 69 140 265 398 182 113 289 169 291 277 346 88 192 166
Route 2: 38 396 218 259 3 23 106 345 181 28 42 251 48 155 35 160 185 193 308 383 232 7 391 153 214 281 367 260 241 256 136 152 330 399 75 51 30 300 365 298 275 380 34 172 312 382 126 159 349 262 59 111 295 89 177 70
Route 3: 81 223 108 122 237 127 238 53 84 284 258 199 270 331 141 320 230 384 97 372 72 220 118 269 37 273 288 1 197 133 26 57 10 74 165 143 249 71 225 388 318 370 323 32 201 170 216 301 52 99 154 212 104 102 21 60 158 313 196 287 190
Route 4: 397 395 163 204 357 63 144 183 353 200 222 49 246 195 33 208 56 138 24 315 364 351 369 342 311 236 390 374 168 145 352 392 219 87 247 328 123 139 19 58 174 341 148 77 9 146 343 129 54 248
Route 5: 13 400 381 327 245 76 274 125 207 379 14 304 25 91 17 221 292 12 61 285 267 187 371 93 253 234 366 340 303 79 128 151 363 203 66 375 358 110 239 227 329 373 229 243 280 142 156 164 202 387 228
Route 6: 162 82 5 279 157 386 40 347 50 149 359 209 217 205 95 324 116 134 226 377 175 68 233 252 173 130 90 264 176 27 186 114 94 321 211 297 261 257 191 194 317 121 336 240 286 242 147 296 306 120 362 244 44 255
Route 7: 117 98 45 378 394 47 135 20 231 263 310 180 250 92 348 332 43 360 2 307 103 210 115 325 376 137 282 46 224 283 4 337 389 85 299 314
Route 8: 11 41 393 188 184 268 29 16 86 73 334 326 100 198 189 161 62 354 67 8 96 109 368 271 322 235 18 276 294
Vehicles: 8
Distance: 11545.28
