Route 1: 298 281 304 353 91 138 288 163 302 172 324 116 168
Route 2: 188 130 258 137 186 337 178 104 376 76
Route 3: 359 90 86 244 259 391 169 43 185
Route 4: 226 335 319 260 88 7 85 355 124 94 84 143 311 108 51 196
Route 5: 216 218 236 287 161 347 106 150 395 274 317 10
Route 6: 278 24 204 44 50 48 166 39 145 187 382 282 177
Route 7: 291 217 368 120 336 250 344 98 394 107 11 253 60 384
Route 8: 164 377 315 225 109 142 400 276 8 13 73
Route 9: 349 228 179 54 40 42 28 323 334
Route 10: 388 314 89 342 199 182 180 213 194 36 181 224 220
Route 11: 396 235 46 159 251 232 113 271 277 318 19 357 249 270
Route 12: 303 125 325 280 78 193 147 63 341 233
Route 13: 37 95 215 133 146 69 119 160 122 27 203 329
Route 14: 170 389 263 316 118 331 241 101 17 358 245
Route 15: 313 131 195 346 269 297 151 234 393 183 330 156
Route 16: 320 102 369 307 82 189 227 57 209 154 9
Route 17: 261 284 70 229 383 2 5 79 289 35 279 397
Route 18: 340 381 242 332 157 248 348 80 392 105 111 165 206
Route 19: 148 20 285 144 29 223 286 61 247 212 71
Route 20: 294 81 301 361 75 350 171 309 367 210
Route 21: 292 343 140 6 306 300 93 123 351 58 256
Route 22: 72 127 380 16 240 366 129 128 56 338 92
Route 23: 136 296 34 3 327 167 15 364 197 326
Route 24: 290 64 219 96 38 153 398 387
Route 25: 375 262 339 103 385 53 308 149 205 14 272 370
Route 26: 121 275 52 360 268 372 211 312 117
Route 27: 173 97 379 65 77 322 59 175 68 363 378
Route 28: 155 32 222 265 139 22 352 208 333 55 321
Route 29: 257 49 266 191 158 115 1 202 12 373
Route 30: 190 293 99 114 237 238 176 23 295 132 390 207 192
Route 31: 4 184 283 21 67 134 230 110
Route 32: 30 62 264 252 198 200 83 18 305 354
Route 33: 31 174 100 399 231 254 374 255 66 41
Route 34: 47 25 221 112 299 267 356 365 239 74
Route 35: 87 201 126 135 152 345 273 33
Route 36: 328 246 310 386 141 45 243 371 214 26 162 362
Vehicles: 36
Distance: 11260.16
