Route 1: 186 357 35 36 273 331 398 383 150 349 161 58
Route 2: 93 144 256 296 143 23 76 32 363 214 228 201 60 102
Route 3: 393 164 318 72 169 361 85 313 159 127 277 284 184
Route 4: 75 211 213 238 204 245 217 400 369 120 376 222 270 121 38
Route 5: 22 329 193 262 14 194 135 99 202 283 12
Route 6: 107 141 168 180 53 170 49 276 317 219 172 216 140
Route 7: 250 359 46 28 131 203 142 306 259 125 13 182
Route 8: 196 316 173 179 352 285 348 319 18 208
Route 9: 308 337 68 379 160 61 19 146 343 315
Route 10: 77 243 165 133 108 47 242 3 344 2 126 388 371
Route 11: 278 328 9 335 322 45 241 17 333 84 41 104
Route 12: 375 39 210 355 181 177 288 190 206 117 136
Route 13: 178 295 380 297 114 4 239 89 391 332
Route 14: 212 254 311 37 48 240 66 223 176 378 98
Route 15: 63 304 269 323 366 101 158 237 149 290 103
Route 16: 95 67 50 31 189 205 353 106 188 8
Route 17: 360 90 226 138 65 123 52 154 370 207 268
Route 18: 327 15 11 272 129 367 92 340 396 301
Route 19: 55 252 320 128 386 43 199 377 287 25 44
Route 20: 155 255 73 351 134 145 281 233 362 264 132 187
Route 21: 368 218 171 274 395 54 88 248 197 365 83 81
Route 22: 74 21 282 24 192 390 293 387 399 148
Route 23: 381 162 87 299 200 69 78 167 59 358
Route 24: 115 267 33 86 231 124 314 119 191 384 334
Route 25: 307 330 91 324 373 56 374 34
Route 26: 266 97 261 224 26 118 151 347
Route 27: 130 372 40 253 275 251 62 209 325 7 153
Route 28: 147 96 342 265 113 230 42 156 94 298 321
Route 29: 346 30 260 258 247 80 16 235
Route 30: 236 279 195 345 111 364 109 271 1 244 291 5 105
Route 31: 6 232 392 305 397 82 389 116 234 280 225 100
Route 32: 139 263 71 79 122 51 27 303 198 354
Route 33: 394 339 341 382 302 174 294 137 166 310 300 20 350
Route 34: 326 249 112 215 70 175 336 221 220 183
Route 35: 185 163 257 312 292 29 338 229 64
Route 36: 10 309 110 385 227
Route 37: 152 286 57 246 356 157 289
Vehicles: 37
Distance: 11089.26
