Route 1: 186 213 75 150 383 121 398 359 250 238 245 222 55 46 270 217 136 210 355 181 288 380 297 177 39 204 393 85 219 400 369 35 357 22 193 262 41 59 335 167 130 358 371 397 7 84 153 14 202 241 343 12 17 201 60 98 182 331 273 36 58
Route 2: 164 313 93 144 256 194 296 143 23 283 315 328 278 9 381 232 392 372 40 104 76 32 363 214 308 327 15 334 352 348 3 344 242 47 370 154 77 277 126 18 33 272 86 124 166 133 300 388 159 26 105 119 384 319 231 301 208 180 184 188 284 172
Route 3: 329 211 2 349 318 161 140 72 317 276 107 179 90 173 285 360 108 141 169 361 49 374 373 56 385 345 279 111 271 109 364 1 128 237 158 290 34 117 332 190 309 206 235 114 227 178 120 386 376 8 103 336 131 28 80 43 203 187
Route 4: 92 137 316 243 165 127 196 97 266 207 168 118 65 224 226 138 123 52 170 261 367 267 341 394 268 382 129 174 294 191 379 198 160 61 64 116 94 135 99 220 257 183 225 322 321 45 102 20 53 310
Route 5: 142 87 152 100 156 96 147 71 312 340 396 337 228 298 139 265 342 354 27 292 29 122 19 146 230 42 68 299 305 69 280 289 350 200 37 48 240 66 83 365 387 81 378 338 212 399 234 229 38 293 244 347
Route 6: 368 171 24 21 155 269 323 306 63 304 44 287 346 264 199 260 377 145 134 192 73 25 255 259 125 282 223 274 13 88 176 248 362 233 132 205 216 353 291 5
Route 7: 252 106 391 295 375 89 10 4 239 110 91 324 330 151 307 195 236 101 366 281 320 351 215 221 325
Route 8: 95 189 390 218 175 70 311 254 253 148 251 275 356 57 286 209 62 6
Route 9: 78 16 247 67 50 31 149 258 30 249 112 395
Route 10: 333 389 82 162 79 51 246 157 303
Route 11: 185 339 302 113 11 115 314 163
Route 12: 197 326 74 54
Route 13: 263
Vehicles: 13
Distance: 11392.41
