Route 1: 439 395 119 458 467 453 547 98 115 221 70 166 296 482 470 128 246 417 71 220 185 589 231 550 15 257 92 436 343 409 597 113 587 438 306 504 334 232 61 199 507 369 304 319 215 249 365 530 23 34 560 353 143 430 456 45 364 469 323 483 25 567 154
Route 2: 532 118 558 301 576 27 28 49 217 167 238 564 4 591 210 492 233 525 67 225 484 363 68 330 74 432 590 123 508 534 579 460 196 207 423 75 326 303 229 224 218 568 496 556 84 512 111 408 282 17 425 273 5 65 465 1
Route 3: 251 80 270 596 157 495 299 152 223 212 102 101 315 374 83 585 250 362 14 419 377 375 288 88 158 440 248 412 349 69 192 79 148 548 35 479 360 241 376 90 328 545 478 389 437 66 402 285 263 381 511 524 539 486 209 461 480 114
Route 4: 421 457 165 253 60 442 449 578 500 514 594 46 181 351 146 308 261 307 55 205 264 592 371 566 178 89 563 200 208 582 373 32 471 131 50 86 410 219 194 427 384 422 147 451 141 276 542 426 103 187 138 177 393 399
Route 5: 275 125 180 262 124 269 245 424 129 186 10 284 463 368 493 99 204 144 346 278 203 487 454 132 455 149 193 211 201 163 255 3 531 58 256 312 383 488 513 247 242 599 386 537 552 406 54 501 82 387 477 498 379 286 345 358
Route 6: 593 595 142 31 202 30 112 462 474 85 318 136 266 382 518 280 401 135 447 305 344 522 324 52 557 581 485 105 415 41 586 91 332 431 175 63 521 239 321 309 320 329 42 380 367 535 352 283 260 554 150 416 466 33 11 8 392 584 36
Route 7: 44 300 240 226 191 572 509 396 2 73 24 51 573 121 476 366 164 272 444 274 337 385 56 294 110 407 541 37 81 228 341 12 184 333 133 400 171 354 237 109 464 468 311 48 472 19 290 176 43 340 428
Route 8: 169 162 189 235 190 139 227 551 489 559 317 39 293 516 429 298 117 107 391 553 347 473 188 570 580 314 583 222 555 182 372 497 388 506 418 155 267 100 339 491 76 404 47 268 519 435 441 533 95 21 414 7 277 137 310
Route 9: 29 350 357 130 505 569 356 87 106 355 145 234 481 448 322 127 361 160 97 20 94 151 26 342 287 331 546 57 313 510 600 561 517 183 230 338 562 588 13 394 538 173 53 153 292 159 335 78 359
Route 10: 398 502 216 503 475 544 236 6 259 413 452 520 265 16 571 325 214 378 529 405 116 243 108 64 77 536 540 195 254 598 297 172 390 156 289 450 543 18 179 140 9 574
Route 11: 316 197 397 279 122 59 575 403 302 291 445 523 420 120 443 433 134 168 62 494 38 104 174 490 327 258 244
Route 12: 565 126 459 527 170 515 549 40 96 528 206 348 271 295 281 93 72 411 213 577 198 336 446 22 499 526 161 370 434 252
Vehicles: 12
Distance: 18920.68
