Route 1: 266 235 239 117 359 237 234 153 172 222 56 16
Route 2: 302 75 343 221 401 336 417 112 388 140 114 310 364
Route 3: 71 546 198 68 271 166 230 423 461 2 248 348 22 194
Route 4: 556 386 486 527 243 500 583 193 586 276 523 277 432 225
Route 5: 233 60 371 283 6 434 479 106 436 269 404 145
Route 6: 550 78 435 25 520 292 482 267 247 590 122 163 470 272
Route 7: 263 101 192 42 187 306 182 138 89 412 158 449 362 161
Route 8: 4 245 110 126 37 444 402 430 593 516 103 522 62
Route 9: 398 73 229 139 499 88 256 280 200 113 50 495
Route 10: 261 175 148 360 498 240 109 369 288
Route 11: 167 414 518 473 57 305 488 262 456 123 157 463 169
Route 12: 104 445 208 43 204 594 311 20 205 147 315
Route 13: 207 318 385 296 490 79 405 93 294 396
Route 14: 356 429 46 450 467 511 91 574 159 370 309
Route 15: 264 39 160 552 100 212 77 130 387 475 560 15
Route 16: 338 64 382 171 231 199 142 525 561 188 474 265
Route 17: 150 335 506 95 408 316 331 102 313 36
Route 18: 581 384 10 19 238 293 270 251 214 493 181 3 31
Route 19: 563 378 324 469 223 337 361 363 389 74 510 47
Route 20: 322 184 403 94 143 580 355 353 349 400 259 80
Route 21: 354 481 459 127 121 399 330 190 72 427 578 505
Route 22: 38 347 179 202 419 197 255 443 154 365 366
Route 23: 451 132 340 599 99 422 174 201 462 448 501 116
Route 24: 411 320 512 224 442 489 253 129 597 281 572 124
Route 25: 579 421 375 125 409 453 431 535 374 17 415
Route 26: 515 477 568 345 428 216 85 553 592 577 66
Route 27: 176 151 339 466 195 218 96 298 440 496 406 478
Route 28: 413 274 244 544 569 464 458 203 521
Route 29: 24 210 54 494 21 549 81 372 9 11
Route 30: 377 278 531 329 323 379 178 7 507 497 111
Route 31: 508 376 97 285 441 562 146 391 90 173 533 219
Route 32: 570 439 410 41 63 92 350 528 555 86
Route 33: 226 551 196 84 18 156 437 426 333 587
Route 34: 170 564 27 600 407 492 82 541 304 452 137
Route 35: 539 487 317 425 65 393 328 155
Route 36: 514 529 308 108 209 390 135 275 342 164 241 133 213 51
Route 37: 162 260 28 513 215 273 433 503 268 559 352 29
Route 38: 457 1 547 368 300 105 485 286 351 566 476
Route 39: 504 540 326 58 573 250 472 380 517 543 575
Route 40: 584 287 228 258 246 334 32 344 314
Route 41: 367 392 438 542 420 589 491 183 321 290 346 40
Route 42: 282 558 383 291 446 484 191 206 567 70
Route 43: 177 416 468 33 447 295 381 55 87
Route 44: 480 45 252 588 565 299 14 144 61 48
Route 45: 59 582 530 165 554 591 76 217
Route 46: 424 524 596 115 332 23 548 141 49 232
Route 47: 598 289 312 357 284 52 297 12 134 465
Route 48: 327 136 454 168 519 319 53 557
Route 49: 152 509 107 242 341 545 532 98 483 307
Route 50: 325 30 220 131 44 185
Route 51: 418 69 67 180 279 211 8 83
Route 52: 455 595 460 236 397
Route 53: 537 249 118 227 576 119
Route 54: 120 534 34 373 254 502 26
Route 55: 13 189 471 394 571
Route 56: 526 303 358 5 585 536 257
Route 57: 301 35 538
Route 58: 395 149 128 186
Vehicles: 58
Distance: 29837.57
