Route 1: 487 440 228 332 438 44 79 211 26 434 127
Route 2: 363 526 178 134 419 47 112 230 341 416 294 290 535 293 446
Route 3: 235 386 347 222 149 297 391 103 199 348 270
Route 4: 390 174 37 346 453 96 599 344 585 551 395 255 557
Route 5: 566 488 28 2 275 352 512 547 62 284 23 267 185 78
Route 6: 550 596 569 451 485 456 214 237 1
Route 7: 385 299 256 296 232 45 448 3 102 239 336 224
Route 8: 63 600 480 6 423 543 523 216 564 162 241 231
Route 9: 303 439 586 49 8 59 249 449 289 415 495 87
Route 10: 418 33 492 420 163 90 366 20 491 225 580 221
Route 11: 375 295 474 379 427 354 276 55 309 268
Route 12: 425 66 382 358 104 188 133 173 568 198 553 522
Route 13: 5 326 476 518 143 21 436 562 36 563 246 355
Route 14: 202 244 100 340 331 287 412 443 468
Route 15: 383 273 549 442 319 48 591 135 349 35 481
Route 16: 570 220 362 361 156 204 353 259 527 588 136
Route 17: 10 260 32 457 567 121 482 19 325 99
Route 18: 43 115 560 4 208 304 119 421 370 138
Route 19: 479 343 452 67 428 22 555 496 98 505 573 179
Route 20: 168 76 598 177 508 205 572 536 392 158 558 93
Route 21: 544 229 243 58 253 360 81 454 75 234 186
Route 22: 490 14 426 509 7 69 92 422 575 160 310 342
Route 23: 542 17 583 84 242 400 83 240 409 31
Route 24: 533 123 213 538 88 458 389 11 464 311 539
Route 25: 146 339 302 597 184 552 318 248 305 283 73
Route 26: 120 408 324 206 531 247 161 441 514 191 53 589 137 52 190
Route 27: 46 132 407 201 266 140 587 394 351 469
Route 28: 521 238 56 194 517 128 263 333 429 252 537
Route 29: 193 594 461 545 473 217 171 433 196 381
Route 30: 530 250 170 60 300 150 288 219 118 291 176
Route 31: 142 444 430 108 124 502 85 152 424 30
Route 32: 403 181 417 489 286 581 172 41 272 126 364
Route 33: 89 497 437 9 80 298 510 94 413 189 271 18
Route 34: 520 399 215 164 77 197 459 117 507 320 105 561 405
Route 35: 455 281 493 109 278 301 110 24 577 54 475 129 579
Route 36: 501 165 207 484 411 317 511 155 500
Route 37: 16 548 307 91 144 365 258 541 131 357 34 148 111
Route 38: 245 337 371 498 114 529 107 183 525 264 125 384
Route 39: 404 471 71 401 334 515 64 316 57
Route 40: 82 534 465 97 145 377 40 203 372 322
Route 41: 187 292 50 279 532 410 540 374 554 368
Route 42: 397 463 330 460 345 101 72 445 147
Route 43: 182 226 153 323 95 414 396 556 141 576 314 584
Route 44: 519 315 180 571 559 398 15 373 595 106 359
Route 45: 282 432 313 212 29 462 269 574 367 157 139
Route 46: 593 393 504 466 327 356 70 169 254
Route 47: 274 565 486 122 328 524 223 166 450 159
Route 48: 192 387 350 513 516 431 467 369 306 113 61
Route 49: 447 503 51 494 68 86 388 335 590 280
Route 50: 42 483 380 265 65 210 308 25 209 277
Route 51: 154 546 321 329 285 472 435 578
Route 52: 27 13 195 167 175 312 528
Route 53: 74 218 227 402 200 338 151 116 378 477 38
Route 54: 130 39 582 262 406 233 470 592 376 257 499
Route 55: 478 12 236 506 251 261
Vehicles: 55
Distance: 22216.28
