Route 1: 127 44 438 363 231 79 134 211 526 178 26 434 293 202 112 341 416 535 418 344 599 96 453 346 214 37 174 390 551 446 487 332 440 222 347 456 235 395 78 228 386 45 239 185 495 249 250 351 439 303 136 336 255 205 225 585 99 230
Route 2: 6 547 566 488 28 375 2 275 23 267 348 550 596 385 569 296 76 448 299 485 451 256 224 149 297 103 391 199 90 163 491 221 294 244 100 237 10 468 500 501 32 19 384 424 158 537 20 366 93 290 1 523
Route 3: 62 284 352 512 55 474 423 543 480 564 379 522 518 476 276 354 553 427 162 600 63 143 383 349 364 311 591 295 481 270 408 531 417 581 272 359 316 57 179 573 539 190 464 533 48 98 216 273 549 73 241 135 35 415 87
Route 4: 568 382 425 66 560 343 428 67 452 283 479 47 419 104 358 173 133 188 138 36 562 22 555 436 21 326 198 5 246 443 253 58 243 412 287 310 94 4 146 339 18 496 561 320 405 442 319 563 115 229 304 421 119 208 305 370 43
Route 5: 309 490 186 234 331 81 14 454 340 75 260 492 420 580 33 567 121 482 521 56 128 263 333 238 176 194 252 125 124 525 107 85 108 183 264 337 534 444 558 392 232 177 572 196 3 557 353 148 220 588 291 300 182 314 462 574 157 259 587 449
Route 6: 289 46 132 266 120 403 109 140 49 586 409 530 400 60 170 242 84 240 570 527 102 362 594 461 91 307 545 258 131 473 541 86 548 217 193 494 51 68 227 447 361 156 204 200 338 402 578 335 151 116 388 34 322 171 381 268
Route 7: 598 508 430 325 166 422 387 484 350 516 306 450 155 192 411 113 317 426 147 42 483 445 380 122 328 524 575 72 160 61 511 165 92 69 7 360 207 431 159 223 544 509 278 513 209 369 517 277 457 429 368 279
Route 8: 505 455 24 577 441 161 52 589 181 137 247 407 493 404 281 110 504 396 414 153 393 226 323 556 576 141 83 394 150 118 432 269 282 219 313 288 212 95 29 31 542 583 17 8 584 129 475 70 435 466 469 59 64 286 595 342 579
Route 9: 168 16 367 357 365 144 372 145 97 152 529 502 292 187 114 498 38 371 245 536 355 503 590 280 401 139 433 378 40 377 465 50 257 233 532 410 308 265 554 111 82 203 285 169 477 142 406 507 472
Route 10: 123 213 520 458 538 88 301 27 54 593 334 254 13 515 71 106 167 154 321 546 172 329 373 41 489 471 206 201 324 191 53 514 164 215 559 77 197 459 398 389 105 11 15 126 117 499 519 180 315 528 312 506 261 478 460
Route 11: 274 565 80 437 397 552 463 271 413 189 318 248 184 330 597 298 89 497 302 9 510 399 571 175 12 101 486 376 345 236 251 195 356
Route 12: 327 592 374 218 130 470 540 74 39 25 582 262 467 210 65 30
Vehicles: 12
Distance: 17242.68
