Route 1: 469 559 203 542 280 52 35 562 441 397 488 269 160 164 386 335 599 428 575 165 241 180 306 225 420 107 177 305 238 118 254 95 492 515 596 28
Route 2: 199 63 261 493 209 79 541 223 320 459 255 230 597 258 456 342 309 248 476 289 85 582 350 568 569 516 564 392 22 307 514 57 129 108 127
Route 3: 331 110 474 135 212 56 347 111 313 67 220 137 501 570 356 572 451 345 218 121 211 578 73 503 580 300 166 457 72 530 468 545 339 526 224
Route 4: 25 37 19 253 132 383 471 533 271 94 376 333 54 240 574 410 294 310 477 484 502 389 374 139 446 360 421 231 33 228 475 328 16 98 544
Route 5: 207 295 210 31 26 162 287 411 38 555 246 588 7 291 128 275 292 435 233 303 232 206 244 86 403 322 444 147 53 354 422 408 4 130
Route 6: 151 352 116 594 200 452 188 384 521 525 249 504 346 510 113 74 51 439 71 329 487 443 486 126 388 219 390 416 497 77 279 551 191 437
Route 7: 553 517 573 205 97 6 260 558 511 362 337 196 265 153 351 483 123 587 172 36 268 595 75 429 485 263 84 100 264 453 270 565 167 363
Route 8: 208 404 283 106 496 171 316 226 252 412 519 520 308 450 369 2 297 585 187 213 344 286 170 359 589 214 529 379 535 239 247 400
Route 9: 301 340 40 312 394 455 381 124 406 323 250 440 237 561 12 361 432 348 512 445 583 405 68 69 353 349 50 45 76 102 93 571 193
Route 10: 34 161 70 366 434 282 357 518 586 358 92 105 449 266 47 109 288 513 299 319 419 336 546 560 236 495 465 372 343 3 20 23
Route 11: 182 414 593 142 327 464 24 61 192 548 482 524 549 148 543 8 201 202 458 277 90 159 508 141 242 285 189 396 567 478 377
Route 12: 152 169 78 80 293 168 83 245 274 104 395 48 140 115 330 29 424 185 43 144 317 391 133 509 368
Route 13: 522 590 281 550 409 470 184 5 425 538 467 321 215 112 454 146 27 298 367 315 256 262 581 355 120 163 66 131 463 491 325
Route 14: 430 436 46 461 39 10 14 591 194 566 494 178 290 49 480 505 370 278 531 65 197 600 314 556 415 378 44 235 341 584 138 122 114 365
Route 15: 222 58 426 154 143 418 229 21 82 427 149 401 119 59 433 592 42 460 552 276 364 88 579 158 479 481 442 32 101 89
Route 16: 472 195 87 134 532 259 304 267 563 155 375 204 221 30 15 62 125 311 284 234 334 55 41 190 156 324 216
Route 17: 431 399 500 507 447 506 489 499 81 539 91 473 136 103 338 257 557 326 466 183 413 380 174 540
Route 18: 382 547 272 296 534 598 448 243 64 173 117 99 423 217 318 417 385 157 490 302 1 438 398 9 407 373 96 179
Route 19: 554 251 18 536 176 227 11 145 527 371 576 198 17 577 393 60
Route 20: 186 13 332 523 402 462 528 175 150 273 498 537 387 181
Vehicles: 20
Distance: 14621.24
