Route 1: 59 221 18 120 244 197 464 340 251 345
Route 2: 475 50 36 358 154 474 146 188 334
Route 3: 399 598 158 75 282 127 56 33 562 529 234 316 419
Route 4: 131 61 468 582 71 38 77 348 238 576
Route 5: 303 111 256 55 34 224 566 557 398 289
Route 6: 13 338 308 181 452 76 393 568 178 329 284 235
Route 7: 173 10 166 202 189 233 425 17 137 177 511
Route 8: 21 600 367 579 320 250 252 163 476 194
Route 9: 109 321 350 376 500 421 416 228 118 597 313 223
Route 10: 47 247 417 175 330 60 222 229 121 516 404 368 180
Route 11: 90 68 593 490 86 30 331 332 506 390 113 11
Route 12: 564 354 384 492 391 23 360 260 62
Route 13: 518 98 104 227 185 445 508 312 392 218
Route 14: 577 344 457 226 27 99 14 581 365 451
Route 15: 28 523 501 571 138 496 4 532 584 295 179
Route 16: 381 595 236 241 92 517 333 502 389
Route 17: 560 258 510 167 380 261 337 96 318 242 265
Route 18: 268 257 196 442 420 67 460 134 396 491 296
Route 19: 142 191 587 362 546 112 2 567 317 280 8
Route 20: 88 346 285 436 300 58 293 215 66 64
Route 21: 9 63 537 383 149 31 440 270 37 407
Route 22: 580 463 412 45 415 525 155 40 472
Route 23: 551 193 267 322 592 572 294 499 214 100 186
Route 24: 20 542 540 122 382 342 24 447 424 548
Route 25: 594 291 575 239 208 355 106 286 319 83 187 153
Route 26: 72 481 87 466 414 418 423 394 126 102 80 43
Route 27: 374 69 531 128 533 446 213 409 110 277 552 81
Route 28: 211 556 547 209 309 54 591 302 473 549
Route 29: 461 349 264 535 103 3 133 495 397 168 450 114 410
Route 30: 315 352 57 205 42 298 387 125 486 70 467
Route 31: 336 237 509 388 19 206 74 307 132
Route 32: 434 469 513 498 372 51 274 514 443 171
Route 33: 107 586 431 347 273 183 324 563 89 156 484 430
Route 34: 479 262 190 130 290 176 359 160 198 432 585
Route 35: 519 147 53 448 530 5 39 141 124
Route 36: 44 465 52 263 413 266 555 151 356 583
Route 37: 148 524 203 480 522 119 217 97 283 507
Route 38: 521 590 117 527 400 35 373 165 93
Route 39: 429 559 143 272 370 301 245 364 504 195 422
Route 40: 246 232 204 441 164 569 304 25 578 433 314 455
Route 41: 589 292 140 310 565 526 78 231 281 570 553 544
Route 42: 596 471 201 230 255 299 406 574 105 488 520
Route 43: 482 184 174 41 29 534 216 200 123 335
Route 44: 219 426 554 357 343 541 325 12 369 108
Route 45: 536 444 371 573 339 305 366 326 311 279
Route 46: 489 539 136 485 288 287 528 32 428 561 225
Route 47: 150 453 16 449 144 353 199 79 435
Route 48: 458 379 207 323 459 48 135 341 220 269
Route 49: 351 26 169 49 588 439 454 129 46
Route 50: 405 192 101 259 297 328 248 411
Route 51: 487 65 15 210 170 212 82 249 240 503
Route 52: 363 91 437 378 115 505 271
Route 53: 254 402 558 515 470 361 243 85
Route 54: 493 408 377 253 543 172 375 550
Route 55: 116 512 152 276 538 162 159
Route 56: 478 73 403 182 483 161 401 145
Route 57: 1 84 395 157 327 456 438
Route 58: 139 275 494 497 545
Route 59: 386 477 427 278 7 599 95
Route 60: 306 22 94 385 6 462
Vehicles: 60
Distance: 20540.82
