Route 1: 266 13 263 4 71 302 359 16 417 56 388 271 166 222 364
Route 2: 239 556 207 104 502 233 550 451 526 277 186 117 257
Route 3: 167 234 261 280 590 172 106 463 109 169 269
Route 4: 118 264 581 150 322 78 303 486 122 538 185 436
Route 5: 398 38 139 229 230 336 354 423 401 235 225 348
Route 6: 356 101 563 60 42 198 182 138 309 114 362 161 505 194
Route 7: 371 293 157 518 25 520 482 305 560 479 153 404 47 112
Route 8: 338 176 26 546 43 500 527 208 243 204 276 283 248
Route 9: 75 413 2 221 516 432 50 103 22
Route 10: 128 39 205 29 212 77 130 387 435 292 123 6 247 434 237
Route 11: 411 429 192 121 244 450 467 68 140 124 310
Route 12: 586 24 445 377 318 343 583 188 430 474 193 523 265 113 522
Route 13: 145 449 223 89 74 389 175 288 369
Route 14: 245 110 90 253 129 597 190 72 572 427 578 370
Route 15: 315 408 95 316 331 147 405 594
Route 16: 386 580 475 178 353 355 349 470 163 272
Route 17: 414 267 238 82 270 105 473 541 488 456
Route 18: 73 508 256 88 199 202 179 64 171 402 62 200 495 311
Route 19: 421 31 439 579 570 216 428 63 375 577 148 360 510 493 137
Route 20: 514 422 20 132 506 162 174 313 379 36
Route 21: 469 226 528 156 582 187 274 324 251 203 158 412
Route 22: 37 443 177 376 540 481 97 250 255 219 126 499 593 366
Route 23: 201 385 210 584 561 549 296 490 501 93 396
Route 24: 461 472 441 285 197 154 382 365
Route 25: 151 339 599 278 529 195 466 218 96 478 102
Route 26: 515 551 85 592 498 66 240 181 3
Route 27: 10 457 57 19 400 155 446 484 415 80
Route 28: 99 260 462 424 215 468 447 314 559 79 448 496 294
Route 29: 480 59 574 378 159 511 346 281 512 459 46
Route 30: 564 598 535 383 431 492 286 125 409 262 259 15
Route 31: 477 84 189 437 363 361 426 568 306 337 345
Route 32: 347 419 416 287 444 21 525 81 372 11 54
Route 33: 184 539 403 152 298 325 487 440 100 94 143 116
Route 34: 504 326 489 418 224 438 544 321 543 562 442 40
Route 35: 196 18 252 554 555 333 350 92
Route 36: 170 368 30 291 300 374 227 485 452 17
Route 37: 86 144 464 569 14 61 458 91 521
Route 38: 384 393 249 65 328 108 425 160 209 7
Route 39: 127 320 399 330 183 471 454 519 517 48
Route 40: 410 453 27 284 52 357 297 12 351 553 214
Route 41: 509 537 308 317 552 275 335 406 340 323 133
Route 42: 1 547 220 236 460 304 206 497 507 307 483
Route 43: 136 327 491 299 168 53 557 575
Route 44: 312 289 600 41 358 476 134 119 407 465 566
Route 45: 246 228 258 231 334 373 344 142 32 9
Route 46: 329 332 494 87 503 524 49 33 268 352
Route 47: 533 58 573 173 69 380 279 211 391 83
Route 48: 455 595 558 282 242 131 111 191 98 567 70
Route 49: 531 213 596 115 51 433 241 342 164 532 135
Route 50: 34 534 28 513 120 35 295 273 232
Route 51: 392 367 146 589 394 67 290 254 180 8
Route 52: 217 107 341 545 390 44 397
Route 53: 588 45 565 585 5 530 165 536 576 76 591 587
Route 54: 301 395 381 548 55 23 141
Route 55: 542 149 420 319 571
Vehicles: 55
Distance: 25656.25
