Route 1: 652 16 407 404 24 396 326 445 247 617 666 416 45 777 164 476 104 109 87 615 51 352 466 517 655 307 249 347 29 533 387 351 525 595 674 375 796
Route 2: 116 592 566 702 411 607 60 112 237 630 185 378 55 728 359 778 656 465 767 752 4 390 535 734 549 66 274 645 633 487 23 281 622 52 429
Route 3: 354 106 190 365 689 341 580 262 799 587 551 95 555 71 334 140 255 103 618 661 75 139 690 206 383 611 218 741 214 682 226 718 788 474 195
Route 4: 637 127 179 720 181 153 203 556 358 496 410 673 518 663 317 399 484 685 391 134 527 235 202 491 735 654 631 634 144 266 716 482 422 6
Route 5: 543 321 576 186 678 477 649 135 246 526 27 251 330 420 36 145 107 224 686 568 619 749 68 570 438 781 13 521 677 149 719 256 152 751 515 92 572
Route 6: 408 21 660 241 371 96 128 313 705 552 437 91 710 462 50 53 118 442 610 83 88 509 560 432 530 441 293 327 273 597 28 86 547 537 590 531
Route 7: 431 364 460 563 504 505 451 519 514 708 703 746 586 647 448 747 191 665 201 59 522 500 154 424 49 444 569 48 414 800 376 591 548 738 676
Route 8: 679 455 688 409 306 79 361 737 513 782 158 212 759 461 662 561 110 257 345 225 492 285 470 65 162 450 786 616 486 287 205 501
Route 9: 147 2 305 712 726 319 478 372 43 138 343 102 797 32 508 577 687 792 507 701 539 723 571 113 729 31 413 346 332 524 221 3 316 699
Route 10: 373 608 231 189 754 219 541 748 433 175 155 428 567 644 119 143 733 625 603 19 81 291 473 148 8 171 275 46 493 598 210 265 146 772
Route 11: 5 100 744 581 456 367 111 588 324 264 402 779 229 323 234 709 785 394 26 540 760 208 194 356 217 412 596 355 724 395
Route 12: 42 108 459 133 629 443 9 120 30 727 495 707 721 758 479 439 497 627 732 141 169 336 554 114 63 33 196 691 270 215 339 753
Route 13: 337 295 794 488 523 7 628 773 177 643 199 480 562 80 132 374 276 78 697 248 464 692 170 207 583 74 156 579 220 745 283 299 711 174 512 363 427
Route 14: 388 335 228 267 446 302 263 223 646 41 739 532 681 529 642 180 93 14 485 10 651 320 639 494 614 254 308 463 131 458 353 573 602 382
Route 15: 436 426 506 213 706 606 791 286 62 698 54 379 600 20 243 447 11 232 766 780 193 664 301 671 222 658 457 381 696 173 558 77
Route 16: 578 61 284 769 776 98 765 58 90 499 542 142 704 675 680 468 292 683 498 34 298 245 415 252 502 672 67 340 385 253 564 623
Route 17: 37 236 384 300 261 310 430 403 294 756 240 789 770 368 768 136 516 471 545 700 715 695 12 795 393 242
Route 18: 183 743 360 344 328 167 510 369 176 124 764 693 311 528 333 178 534 481 271 204 787 418 278 260 421 350 713 97 44 648 736 259
Route 19: 129 604 163 669 362 511 740 774 279 17 280 314 258 126 357 790 503 188 613 784 557 159 22 392 1 39 151 348 750 638 453
Route 20: 312 714 315 594 73 584 798 325 130 538 469 161 15 731 559 626 166 380 366 452 397 612 370 635 230 290 730 684 601 762 609 670 657 70
Route 21: 553 122 398 282 575 400 454 250 115 56 582 668 244 269 168 76 211 200 793 761 434 101 599 377 57 490 423 318 69 94 289 84 717 277
Route 22: 304 467 405 386 722 239 565 35 620 64 216 475 121 593 574 725 585 763 288 389 550 406 536 150 268 472 440
Route 23: 589 105 489 47 636 198 238 520 331 775 182 85 621 172 483 783 272 632 329 82 417 659 18 209
Route 24: 546 296 349 755 38 227 99 160 123 624 187 197 742 449 419 233 297 653 771 694 303 640 137 338 165 757 117 322 157 25
Route 25: 425 192 89 184 435 641 667 342 401 544 650 125 40 72
Route 26: 605 309
Vehicles: 26
Distance: 17853.74
