Route 1: 584 233 520 485 493 1 273 618 559 344 653 194 592 788 94 2 418 218 508 105 100 459 505 643 623 231 136 612 267 784 421 177 205 583 652 13 82 20 647 417 590 507 32 436 71 74 331 47 377 672 703 382 221 103 251 667 400 46 501 571 237
Route 2: 452 44 279 127 290 521 12 399 403 526 771 604 16 585 236 512 67 106 383 437 389 477 224 374 764 213 728 243 197 669 358 532 659 594 744 287 183 409 89 570 562 321 25 184 544 56 589 95 642 145 53 45 5 580 31 215 328 579
Route 3: 381 614 451 440 248 315 749 282 482 291 722 658 407 616 475 419 733 27 182 172 416 582 673 235 602 341 678 685 714 119 426 269 262 601 415 4 792 63 48 663 528 118 79 372 24 365 767 793 747 219
Route 4: 684 180 297 414 280 639 640 424 108 711 622 670 457 494 704 606 586 734 630 490 568 718 518 561 397 778 797 743 245 751 156 379 90 634 334 345 163 454 366 517 481 620 70 368 131 244 128 239 627 611 553 371 316 277 57 161 609
Route 5: 222 755 384 80 333 143 632 430 317 495 644 664 768 313 256 250 170 740 692 795 550 694 523 387 540 149 730 480 537 258 318 264 411 660 696 484 687 134 445 646 133 359 662 137 208 524 206 135 204 466 164 113 159 681
Route 6: 581 58 720 210 176 394 588 112 650 37 117 148 724 425 573 625 49 380 348 757 160 675 388 541 347 737 671 610 546 412 226 253 141 515 263 780 700 330 514 191 605 227 30 284 603 458 551 38 124 362 217
Route 7: 225 575 552 698 391 474 533 527 591 50 370 390 677 727 92 356 748 699 649 706 364 543 600 682 648 576 281 406 534 375 72 489 174 469 449 635 761 800 17 62 34 83 676 657 567 158 220 228 503 261 324 252 85 238 296 272 300 201
Route 8: 144 536 497 373 442 126 587 87 88 525 772 695 188 470 794 641 327 350 142 447 120 762 299 386 150 448 483 39 351 779 18 395 36 314 557 61 742 305 343 242 607 198 564 138 178 725 460 790 691 513 203 545 435 29 323 432 7
Route 9: 352 255 11 207 719 15 428 785 115 491 661 758 572 10 211 574 689 782 33 361 774 336 232 628 702 690 332 283 295 349 140 64 93 101 693 471 746 547 765 292 615 735 175 539 357 791 376 598 278 453 427 709 199 185 378 385 293
Route 10: 729 153 498 326 443 548 26 335 52 6 246 97 651 439 51 773 715 710 116 506 402 753 654 86 686 510 637 519 306 770 739 146 701 760 75 441 467 398 43 716 713 200 360 741 190 560 353 69 631 54 42 152 179 396 209 763
Route 11: 633 304 597 656 558 522 289 319 189 556 707 502 408 354 104 28 708 151 169 732 798 422 697 125 123 99 478 298 666 241 624 355 516 645 781 3 392 796 96 122 257 311 154 413 446 259 285 66 165 346 212 286 14 303 461 683
Route 12: 566 463 721 668 679 752 688 65 777 486 492 22 599 187 84 476 367 302 595 195 554 270 717 173 504 799 265 410 214 549 274 479 462 8 77 339 157 171 731 569 531 783 759
Route 13: 76 405 216 288 275 509 340 577 465 111 23 130 320 444 456 78 337 21 271 769 542 193 530 98 301 167 147 342 511 593 249 438 680 308 114 19 565 310 745 787 401 276 608 596 41 247 429 266 60 186 9 55 450 723 325 638 307 404
Route 14: 329 40 369 254 420 309 789 705 109 674 102 529 500 487 621 738 665 162 613 73 617 121 294 431 91 260 468 230 229 166
Route 15: 712 68 202 196 736 499 181 786 338 563 538 754 59 472 726 555 240 132 223 464 775
Route 16: 192 393 139 455 619 168 578 433 363 322 107 655 535 488 35 776 766 473 434 636 110 629 155 423 268 312 750 81 129 626 234 756 496
Vehicles: 16
Distance: 41556.66
