Route 1: 191 36 528 32 254 523 73 766 349 236 690 52 3 784 437 391 652 543 145 162 436 692 130 229 644 366 485 507 331 472 71 392 663 486 111 365 269 541 284 241 213 609 568 745 193 396 230 199 359 390 216 367 82 714 477 305 286 63
Route 2: 562 764 156 582 645 736 94 149 450 379 133 495 697 368 737 247 640 385 161 147 744 29 631 683 203 553 513 441 669 54 752 572 323 563 727 416 598 10 463 474 274 262 297 234 417 335 118 456 384 657 761 91 364 210 276 239 457
Route 3: 175 301 319 99 420 772 713 443 774 778 209 439 316 412 725 674 141 341 431 471 327 407 122 386 272 701 163 411 522 60 337 398 546 524 677 12 498 738 242 735 1 659 41 98 80 246 79 427 636 769 679 48 773
Route 4: 356 704 93 165 76 446 360 314 320 548 105 142 671 632 641 132 114 521 661 45 686 482 757 383 595 762 596 233 800 194 406 295 569 273 329 157 653 192 555 34 369 794 81 621 56 185 556 501 304 158 706 245 226 150 278
Route 5: 480 432 534 271 532 67 717 728 755 401 655 509 484 222 281 138 120 354 7 742 610 710 106 512 656 352 219 27 542 763 268 747 430 328 578 483 570 290 476 322 171 514 348 611 83 750 144 167 734 780 731 748 500 787 535 24 298 442 709 380
Route 6: 616 55 399 332 30 288 600 746 227 720 549 614 481 9 575 223 306 152 78 310 211 733 590 14 26 529 96 183 72 583 68 564 65 448 123 361 699 726 783 623 552 85 279 388 18 217 285 137 405 176 687 795 418 296 531 8 782 108 429 84 468 464 180
Route 7: 503 237 505 470 325 345 675 454 103 424 201 39 791 89 312 426 17 57 724 15 355 317 251 499 702 214 135 530 711 374 397 232 414 768 785 586 776 639 302 188 267 283 113 112 630 502 676 670 682 377 40 292 333 629 5 116
Route 8: 393 685 585 577 547 244 395 42 2 129 440 70 525 238 140 767 666 248 282 465 777 127 633 754 170 291 257 189 672 601 622 195 688 593 196 455 612 648 376 277 459 618 115 353 221 370 550 372 181 200 249
Route 9: 759 309 758 351 159 187 243 409 435 458 478 218 166 343 781 620 51 449 300 719 389 604 35 208 504 311 225 487 527 680 571 38 634 342 452 413 567 574 579 280 775 143 154 673 74 444 638 25 799 489 422 205 721
Route 10: 394 358 793 373 75 37 790 303 519 344 95 62 212 518 419 69 628 756 712 363 125 207 324 90 599 537 681 382 792 545 265 617 415 753 605 371 66 434 253 299 740 698 19 664 627 624 186 92 602 146 339 771 169
Route 11: 584 573 496 346 668 491 708 492 428 660 264 287 410 516 160 315 796 102 798 751 637 635 779 662 591 110 326 770 594 136 20 173 28 224 643 729 148 250 678 566 786 131 172 467 33 126 11 336 381 741 597 255 64 22 461
Route 12: 565 732 649 50 438 240 235 433 100 307 47 294 693 107 647 475 206 259 654 313 469 49 462 667 696 658 178 536 266 202 510 378 488 615
Route 13: 544 515 540 558 58 576 646 511 494 21 231 490 104 581 117 119 715 308 789 580 797 619 204 451 603 77 155 423 321 44 625
Route 14: 177 31 497 400 86 557 716 689 275 473 739 387 260 16 134 723 404 538 97 198 124 289 665 139 109 164 684 402 408 215 263 357 293 153 517 43
Route 15: 466 453 13 334 121 6 588 760 561 608 46 651 59 101 4 362 695 447 765 730 184 182 347 53
Route 16: 607 554 270 700 228 722 694 707 743
Route 17: 559 703 479 190 691 493 613 179 197 256 445 705 718 508 23 87 128 606 252 526 168 151 642 533 539 592 261
Route 18: 520 318 425 650 460 506 350 626 788 340 88 551
Route 19: 375 330 174 587 749
Route 20: 258 220 589 421 61 560 338
Route 21: 403
Vehicles: 21
Distance: 34699.52
