Route 1: 296 187 684 217 376 737 574 226 236 94 195 33 525
Route 2: 183 740 184 293 452 453 332 563 787 134 619 349 144 121
Route 3: 204 148 399 796 448 258 279 483 541 90 314 728 287
Route 4: 115 538 87 176 777 794 575 698 329 34 786
Route 5: 266 309 116 706 130 697 59 267 362 505 131 743 224 274 632
Route 6: 351 157 613 25 560 785 106 317 371 599 91
Route 7: 775 493 499 100 225 395 666 356 2 146 208
Route 8: 430 111 83 598 98 377 682 651 173 129 673
Route 9: 37 64 716 103 24 460 250 586 467 641 482 600
Route 10: 602 170 88 681 776 484 269 197 206 555 231 338
Route 11: 408 331 85 605 442 686 546 380 32 601 352 635
Route 12: 588 694 276 318 264 155 577 259 277 102 6 495 74
Route 13: 725 61 110 54 736 200 610 782 153 58 207
Route 14: 339 652 789 494 536 519 440 410 709 629 28 301
Route 15: 783 120 323 644 735 152 36 466 282 391 458
Route 16: 676 396 604 340 194 117 528 414 288 304
Route 17: 239 487 265 344 678 212 238 403
Route 18: 439 404 723 752 763 222 140 169 667 412 60
Route 19: 559 215 573 615 603 489 524 584 398 113 438 298 596
Route 20: 315 31 653 353 243 718 692 7 581 591
Route 21: 578 639 643 506 375 497 423 374 455 583
Route 22: 78 185 141 445 502 216 218 441 509 114 710
Route 23: 475 685 242 589 51 471 92 290 558 476 15 425 241 150
Route 24: 16 158 531 788 501 245 1 381 767 662 346 66
Route 25: 537 557 711 326 593 490 86 168 397 468 53 202
Route 26: 388 511 165 320 133 648 359 181 109 361 370 561
Route 27: 456 647 201 178 166 289 322 198 675 507 186 191 294 642 569
Route 28: 765 645 580 722 124 300 311 626 572 330 469 29
Route 29: 247 8 774 421 405 649 95 660 70
Route 30: 658 128 646 565 21 393 189 674 567 498 702 623 656
Route 31: 446 422 192 151 383 22 286 597 57 257 368 23 454 719
Route 32: 727 661 754 472 4 462 799 548 612 424
Route 33: 80 508 670 48 179 167 255 757 72 56 517 49
Route 34: 504 355 272 13 188 324 450 451 592 62 730 564
Route 35: 137 659 607 500 75 772 400 358 174 609 327 199
Route 36: 302 360 3 790 261 791 223 703 679 449 731 156
Route 37: 81 268 486 89 132 52 784 107 633 444
Route 38: 409 751 244 251 700 457 744 677 232 695 756 336
Route 39: 220 761 275 712 237 306 608 764 411 579 337
Route 40: 704 721 44 539 260 10 136 364 252 759
Route 41: 463 230 233 363 43 280 638 529 688 9
Route 42: 65 104 341 105 312 478 162 479 534
Route 43: 481 417 45 342 234 720 447 39 485
Route 44: 357 606 73 305 429 473 797 347 227 295 387
Route 45: 50 163 545 672 76 180 283 726 172 628 663 142 149
Route 46: 758 365 291 420 622 190 93 480 669 436
Route 47: 211 394 334 69 665 379 587 753 118 671 221 182
Route 48: 335 63 41 84 147 618 437 770 17
Route 49: 717 292 655 640 491 205 689 543 755 550 621
Route 50: 433 101 418 319 390 196 367 544 620 582 219
Route 51: 384 590 778 551 161 474 125 373 699
Route 52: 138 343 657 496 750 108 739 369 630 350
Route 53: 680 513 708 760 333 535 406 308 299
Route 54: 554 477 520 734 459 71 278 522 407 214 614 510
Route 55: 431 96 171 533 154 570 123 738 625 514 664
Route 56: 402 585 164 571 159 19 40 556 512 729 701
Route 57: 532 432 492 256 768 488 122 271 313
Route 58: 97 732 611 55 14 235 503 366
Route 59: 636 627 354 650 566 389 249 77 435 307
Route 60: 303 634 733 637 413 262 119 595
Route 61: 518 530 67 177 780 470 434 631 240 654 443 416 771
Route 62: 515 143 253 213 793
Route 63: 68 248 724 687 749 715 542 46 42 316 745
Route 64: 527 145 378 428 516
Route 65: 26 281 766 742 690 795 79 175
Route 66: 415 798 748 38 228 229 594 12 552
Route 67: 419 47 82 547 562 160 705 285
Route 68: 668 284 139 193 526 691 126 464
Route 69: 624 465 35 310 135 273 20 246 321
Route 70: 427 345 617 781 762 800 392 348 683
Route 71: 386 18 523 616 254 401 707 714 210 746
Route 72: 713 769 792 549 112 27
Route 73: 553 263 385 11
Route 74: 209 741 127 328 203
Route 75: 576 372 30 325
Route 76: 461
Route 77: 382
Route 78: 773
Route 79: 693
Route 80: 747 521 99
Route 81: 568 779
Route 82: 5
Route 83: 297
Route 84: 696
Route 85: 426 270 540
Vehicles: 85
Distance: 58683.89
