Route 1: 524 491 738 472 71 111 82 365 36 778 209 367 216 213 412 396 254 193 191
Route 2: 73 331 349 236 690 52 3 784 507 483 457 766 437
Route 3: 714 356 99 76 420 165 301 379 697 276 657 745
Route 4: 528 32 726 351 452 431 679 296 12 241 359 199 773 286 63
Route 5: 728 710 655 120 354 7 742 610 401 763 268 264 523
Route 6: 175 368 764 543 145 162 692 130 335 652 210 737 436 629
Route 7: 562 319 446 661 358 373 790 269 477 568
Route 8: 229 391 730 392 463 364 385 640 731 239 247
Route 9: 474 156 582 10 683 631 29 149 133 495
Route 10: 290 380 411 60 522 42 534 249 480 230
Route 11: 439 316 305 590 529 14 746 26 96 720 774 614 713 443 630
Route 12: 485 711 779 110 591 492 496 573 584 500 748
Route 13: 360 736 548 314 513 94 203 553 572 142 105 416
Route 14: 772 288 549 227 78 152 223 9 600 30 583 399
Route 15: 755 67 717 281 222 512 70 656 352 106 430 138 709
Route 16: 450 503 598 274 632 663 147 161 486 566 116 278
Route 17: 645 671 441 669 752 54 323 727 563 320
Route 18: 725 674 141 341 407 471 327 235 659 48 244 398
Route 19: 55 616 585 166 72 183 781 620 388 449 393 685 311 390
Route 20: 704 93 521 394 114 37 75 518 194 569 556
Route 21: 432 163 2 395 272 701 386 546 677 242 618
Route 22: 708 366 644 135 160 702 214 776 234 118 167
Route 23: 481 575 306 310 211 733 567 687 137 564 332 541
Route 24: 532 509 271 440 337 459 266 219
Route 25: 744 791 424 201 384 103 675 40 297 91 595
Route 26: 129 282 181 638 444 427 769 636 673 279 218 300
Route 27: 346 668 787 428 660 250 410 637 662
Route 28: 547 577 488 342 498 240 353 735 41
Route 29: 574 758 51 343 504 634 405 143 623 609 284
Route 30: 482 45 641 198 653 501 226 555 304 369 169
Route 31: 122 115 370 469 1 246 79 98 74 85 478 285
Route 32: 287 635 516 315 751 798 102 570 586
Route 33: 89 454 345 325 39 670 22 682 417 456 5
Route 34: 303 295 429 62 628 212 793 273 602 339 146
Route 35: 132 419 69 756 309 627 519 256 703 762 157 771 192
Route 36: 796 312 426 15 724 188 355 11 785 377
Route 37: 723 34 761 134 400 716 86 497 177 262
Route 38: 484 721 442 770 322 611 248 328 24 535 542
Route 39: 639 476 678 336 466 760 530 57 734 780
Route 40: 84 68 65 418 8 117 217 180 176 468
Route 41: 759 95 90 681 558 537 58 599 515 619 92
Route 42: 525 238 140 666 767 326 27 348 83
Route 43: 435 458 208 389 719 579 783 38 571 782
Route 44: 35 604 221 80 552 154 615 438 403
Route 45: 578 224 334 643 423 171 750 170 298 514 121
Route 46: 732 108 207 363 125 565 775 712 406 461
Route 47: 270 554 408 263 139 164 451 357 597 607 292 797
Route 48: 237 505 317 17 255 43 768 502 743 126 64 676
Route 49: 159 409 187 243 487 225 680 206 490 699
Route 50: 376 648 612 202 313 422 277 489 200
Route 51: 179 197 526 493 151 691 625 265 261 168 603
Route 52: 104 589 220 258 119 580 789 715 308 361 464
Route 53: 275 473 739 260 16 153 150 689 245
Route 54: 470 517 33 722 694 665 684 289 786 402
Route 55: 13 453 588 283 561 251 499 302 113 267 381
Route 56: 387 557 340 788 538 404 124 97 204 794 706 81 414
Route 57: 421 581 511 155 231 18 448 280 531 649 795
Route 58: 646 576 21 324 740 540 186 624 329
Route 59: 375 372 433 307 693 294 658 510 475 550 330
Route 60: 344 479 434 158 800 559 350 539 533 592
Route 61: 613 253 185 606 56 445 753 299 415 413
Route 62: 190 650 425 460 383 757 642 233 596 53 605 66 626
Route 63: 672 291 127 633 189 601 136 777 465 462 754
Route 64: 144 257 747 799 455 622 688 594 749 205
Route 65: 6 729 374 112 148 232 101 46 172 608
Route 66: 31 371 621 617 551 23 520 545 664
Route 67: 494 382 792 44 698 87 293 333 741
Route 68: 50 527 338 25 49 28 174 123 77 378
Route 69: 506 686 88 19 184 321 4 467
Route 70: 651 59 447 362 695 397 215 131 593
Route 71: 544 252 705 718 128 696 536 178
Route 72: 318 508 667
Route 73: 587 195 196 654 259
Route 74: 47 100 107 647 20 173
Route 75: 707 700 228 182 347 109
Route 76: 765
Route 77: 61 560
Vehicles: 77
Distance: 42418.31
