Route 1: 713 25 150 243 141 298 604 101 578 618 266 403
Route 2: 352 193 743 257 264 336 95 500 569 525
Route 3: 658 487 656 496 753 393 96 62 231 596
Route 4: 79 577 626 81 729 153 585 472 26 591 210
Route 5: 174 400 278 99 607 20 394 208 228 18
Route 6: 176 88 777 527 315 350 749 416 52 459 734
Route 7: 115 123 716 338 494 524 89 587 311 701 774 385
Route 8: 7 199 612 771 429 334 440 234 366 326 224
Route 9: 616 595 676 773 186 339 798 376 392
Route 10: 492 461 737 91 372 37 357 363 324 204 361 229
Route 11: 6 546 276 565 630 532 130 22 657 238
Route 12: 706 147 651 741 570 653 428 236 104 717 419
Route 13: 644 489 691 78 649 253 495 2 778
Route 14: 329 511 762 290 423 274 80 448 287 86 360 425 146
Route 15: 722 672 163 265 725 220 568 244 267 602
Route 16: 732 129 134 748 187 192 685 202 10 386 411
Route 17: 56 49 162 185 93 345 476 19 708 513 371 407
Route 18: 364 491 726 279 106 553 246 242 754 118 325
Route 19: 779 750 690 188 327 521 331 686 94 194 756
Route 20: 222 370 299 374 632 223 709 592 177 156 152
Route 21: 38 418 519 498 533 733 623 464 67 275 136 166
Route 22: 343 27 786 702 288 11 518 240 669 135 490
Route 23: 695 556 109 668 173 198 572 283 157 742 634 151
Route 24: 269 74 201 42 207 704 85 420 29 97 541
Route 25: 117 159 212 63 21 437 523 755 282 54 227
Route 26: 13 427 168 251 515 262 252 367 60 426 699
Route 27: 738 674 316 48 59 783 258 610 167
Route 28: 397 675 788 759 629 219 666 111 301 474 171
Route 29: 398 615 763 221 408 61 497 355 599 260
Route 30: 424 191 516 622 391 450 12 575 458 414
Route 31: 520 68 321 467 597 306 165 456 76 563
Route 32: 379 46 794 237 636 772 124 684 205 728 387
Route 33: 574 441 164 549 148 652 692 478 605 340
Route 34: 226 436 64 313 635 705 793 671 373 285 105
Route 35: 446 304 195 259 359 552 768 144 406 677
Route 36: 377 277 235 800 603 114 214 781 230
Route 37: 471 714 535 770 351 711 399 745 537 344 348
Route 38: 255 439 545 543 422 330 119 172 200 534
Route 39: 34 601 600 670 196 232 784 432 443 580
Route 40: 291 384 619 268 353 178 270 380 689
Route 41: 335 233 169 504 206 647 323 715 719 529
Route 42: 620 145 328 131 139 15 688 643 502 261 182 482
Route 43: 538 723 256 100 43 481 382 354 707 589 540
Route 44: 736 576 558 720 158 318 611 241 82 160
Route 45: 776 132 608 280 752 271 69 273 721
Route 46: 180 663 314 547 103 358 215 322 47 766
Route 47: 452 561 310 216 522 567 154 296 183 485
Route 48: 641 593 696 609 678 751 499 697
Route 49: 369 718 470 765 410 356 507 438 473 337
Route 50: 501 92 346 624 73 289 396 444 239 760
Route 51: 583 342 528 531 71 767 454 731 650
Route 52: 590 320 133 785 447 638 588 621
Route 53: 14 412 312 143 555 648 272 724
Route 54: 33 368 55 462 16 791 405 4 189
Route 55: 297 421 796 213 655 303 586 9 402
Route 56: 560 453 349 614 769 263 582 799 795 460
Route 57: 137 617 417 584 23 332 646
Route 58: 375 98 625 640 39 667 281 566
Route 59: 41 378 87 598 484 24 581 579 309 35
Route 60: 434 247 341 381 703 128 659 401 683
Route 61: 249 744 333 30 307 792 395 66
Route 62: 740 627 442 127 389 31 175 121
Route 63: 469 530 209 300 107 639 550 730 554 431
Route 64: 451 319 449 628 694 110 480
Route 65: 211 544 594 305 483 679 712 50
Route 66: 664 45 761 687 90 660 542
Route 67: 493 509 654 149 390 142 413 633 317
Route 68: 217 120 789 506 32 735 455
Route 69: 126 70 571 613 58
Route 70: 536 661 700 295 510 112 365 739
Route 71: 308 642 662 116 383 787 747
Route 72: 477 764 77 292 409 250 780
Route 73: 433 179 184 248 631 557 475 758
Route 74: 138 645 40 51 218 84 404
Route 75: 28 72 559 362 466 36 551 294 548
Route 76: 468 44 3 161 463 465 181
Route 77: 505 797 122 514 75 190 526 102 170
Route 78: 254 479 457 125 17 790 512 286
Route 79: 140 83 284 430
Route 80: 8 488 197 445 682 564
Route 81: 710 388 539 680
Route 82: 508 681 637 53 293 693
Route 83: 698 302 727 57 113 486 65
Route 84: 673 155 245 562 782
Route 85: 503 573 225 1 108 746
Route 86: 347 5 606 415 203
Route 87: 517 757 665 775 435
Vehicles: 87
Distance: 43814.58
