Route 1: 113 155 78 175 13 43 2 90 67 17 39 107 179
Route 2: 45 178 27 173 154 24 61 100 64 109 68 76
Route 3: 62 131 44 19 146 102 28 96 130 74 149
Route 4: 30 120 196 192 97 14 89 105 15 59 198 133
Route 5: 20 41 85 80 31 25 172 77 110 162
Route 6: 73 116 12 129 11 6 122 139 147 91 124 200
Route 7: 101 144 119 166 35 126 71 9 1 99 53 135 137
Route 8: 93 55 104 58 184 199 37 81 138 183 114 56
Route 9: 48 26 152 40 153 169 29 87 42 123 163
Route 10: 164 66 160 47 70 171 136 189
Route 11: 57 118 83 143 176 36 33 121 165 188 108
Route 12: 190 5 10 193 46 128 106 167 34 95 158 82
Route 13: 170 134 50 156 112 168 79 195 52 92 75
Route 14: 159 38 150 22 151 16 140 187 142 111 63
Route 15: 148 103 197 141 69 51 174 94 65 86
Route 16: 21 23 182 194 145 117 49 185 181
Route 17: 161 180 84 191 125 4 72 60
Route 18: 177 18 54 186 132 7 157
Route 19: 32 115
Route 20: 3 88 8 127 98
Vehicles: 20
Distance: 3642.33
