Route 1: 132 149 35 60 121 181 101 154 97 105 119
Route 2: 140 196 73 38 32 138 39 174 83 52 45 24
Route 3: 87 81 1 66 69 124 31 134 103 197
Route 4: 155 157 41 150 36 137 80 175 56 9 70 107 110 108
Route 5: 145 112 152 99 98 194 118 183 88 111 59
Route 6: 4 46 54 89 151 125 114 37 141
Route 7: 7 55 67 14 195 25 79 116 11 172 91 75
Route 8: 188 15 184 153 166 193 33 129 164 96 74 10 198
Route 9: 18 120 143 113 176 165 185 169 78 148
Route 10: 13 57 173 163 100 104 62 84 90 23
Route 11: 63 44 117 68 5 131 130 160 182 28 27
Route 12: 72 147 93 199 135 133 64 109 180 49 61
Route 13: 106 85 94 12 19 95 178 58 29 65 191 43
Route 14: 161 92 48 146 122 170 53 192 200 40
Route 15: 30 20 34 136 6 189 22 127 47 82 77
Route 16: 158 51 26 123 139 21 156 126 42
Route 17: 2 16 8 162 76 142 159 177 128
Route 18: 71 167 186 179 190
Route 19: 50 3 86 144
Route 20: 168 115 187 171 17 102
Vehicles: 20
Distance: 5519.59
