Route 1: 142 153 28 163 6 49 14 132 78 171 130 187 150 174
Route 2: 4 92 126 154 82 66 30 64 67
Route 3: 140 54 89 37 100 9 59 188 29 139 21 166 70
Route 4: 162 149 63 200 3 180 136 47 79 96 73 19 120 39 36
Route 5: 182 57 147 40 16 98 119 161 169 72 198 95
Route 6: 43 124 48 131 156 102 24 152 183 196 179 110
Route 7: 133 195 41 129 55 81 158 194
Route 8: 42 172 197 138 5 62 185 2 34 76 175 97
Route 9: 84 199 127 134 58 113 176 69 191 87 144 17
Route 10: 12 143 173 86 114 45 56 38 165 33 107
Route 11: 15 7 68 18 190 27 184
Route 12: 167 51 103 90 44 178 116 80 145 148 83
Route 13: 155 88 105 118 137 71 11 123 13 8 60 1
Route 14: 46 159 26 122 35 77 10 20 186 135
Route 15: 85 108 117 32 23 52 31 74 106 22
Route 16: 177 94 151 160 109 189 125 128 65 115 121
Route 17: 181 164 104 25 170 193 93 141 146
Route 18: 168 50 112 99 53 101 192 157 75
Route 19: 61 111 91
Vehicles: 19
Distance: 4158.23
