Route 1: 113 175 155 78 122 13 43 2 90 67 17 39 107
Route 2: 45 178 27 173 154 24 61 179 100 64 109 149
Route 3: 62 131 44 120 102 146 68 76 28 130 198
Route 4: 30 19 192 196 97 40 105 14 96 15 59 74
Route 5: 20 41 85 80 31 25 172 77 110 162
Route 6: 73 116 12 91 129 11 6 70 139 99 53
Route 7: 101 144 119 166 35 126 71 1 9 81 138 137
Route 8: 26 152 48 133 153 112 87 169 89 42 123
Route 9: 147 66 47 164 160 141 69 200 136 189
Route 10: 93 55 135 104 58 184 199 37 63 56 183
Route 11: 57 83 143 118 176 36 165 33 121 188 108
Route 12: 190 193 10 5 46 128 106 167 95 34 158
Route 13: 114 159 38 150 16 140 151 142 187 111 49
Route 14: 21 170 134 50 156 145 168 79 29 52 92
Route 15: 148 197 124 103 115 174 94 51
Route 16: 161 8 185 18 54 132 7 117 181
Route 17: 3 88 22 177 186 127 98 157
Route 18: 32 23 182 75 163 194 195
Route 19: 60 180 84 82 191 72 125 4
Route 20: 86 65 171
Vehicles: 20
Distance: 3727.19
