Route 1: 164 313 93 144 256 194 296 143 283 328 315 278 9 381 298 23 76 32 363 214 228 337 308 18 327 334 352 15 267 272 174 294 268 33 126 277 370 133 86 124 166 300 154 159 190 206 34 26 384 105 119 319 231 301 208 184 131 36 284 172
Route 2: 329 161 238 211 391 349 2 196 127 90 108 207 168 107 276 317 204 355 288 89 177 181 297 56 374 49 39 210 400 111 1 279 271 109 364 128 205 117 332 369 219 235 309 227 216 8 103 376 120 178 291 114 5 180 20 53 310
Route 3: 104 368 142 269 44 255 95 46 106 252 189 50 346 31 149 67 258 260 30 24 249 192 320 281 199 145 377 351 362 233 366 101 237 158 290 88 223 248 48 132 387 365 83 81 66 240 212 378 43 353 386 28 203 187 102
Route 4: 78 333 152 87 162 100 156 147 96 113 139 263 79 122 29 51 71 265 342 354 198 27 68 230 19 42 146 299 200 305 289 350 280 325 37 135 61 379 99 160 321 225 64 338 220 183 94 229 45 234 293 80 188
Route 5: 186 121 165 316 307 91 118 266 224 243 360 173 179 285 97 226 170 123 52 141 65 261 314 191 382 69 215 257 343 336 399 153 241 244 182 347
Route 6: 398 213 295 236 390 218 306 155 323 287 304 63 259 125 282 25 171 21 395 112 274 176 13 311 209 221 371 322 397 38 17
Route 7: 137 92 396 151 324 375 247 16 10 239 110 4 195 345 380 373 163 385 193 35 167 116 202 14 273
Route 8: 286 232 392 372 40 148 82 57 356 251 253 275 62 6 254 59 130 335 12
Route 9: 245 250 312 185 367 129 115 340 339 11 341 302 394 303 22 262 331
Route 10: 47 138 246 292 157 358 201 58
Route 11: 75 136 318 140 169 72 270 330 217 361 85 77 41 84 60
Route 12: 359 150 55 222 383 389 175 393 3 348 242 344 357 7 98
Route 13: 70 264 73 197 326 74 134 54 388
Vehicles: 13
Distance: 12820.44
