Route 1: 216 296 324 75 115 262 177 133 119 124 140 18 293 182 250 274 120 382 65 330 17 265 366 96 392 221 340 99 16 88 255 72 76 396 150
Route 2: 162 391 174 213 218 15 27 28 22 100 101 297 351 29 205 143 232 184 155 219 245 393 217 336 246 66 176 98 195 363 242 286 390 109
Route 3: 170 25 238 337 325 370 2 275 357 284 212 7 283 260 352 151 87 80 19 319 308 59 259 307 92 38 266 364 318 344 326 368 354 294
Route 4: 31 49 89 239 51 211 292 333 185 188 171 152 397 210 375 339 279 12 251 68 316 322 42 8 305 231 301 61 71 243 361 40 164 131 70
Route 5: 144 191 37 362 371 35 129 313 302 114 369 94 112 117 125 159 44 183 187 132 338 24 3 77 230 244 233 282 167 314 317 33 106 138
Route 6: 383 147 252 341 329 269 335 388 271 249 197 69 93 398 373 241 208 148 11 280 258 41 116 312 343 86 118 130 52 270 234 6 247 48
Route 7: 331 256 379 146 222 358 321 236 253 254 178 248 172 193 58 103 108 199 47 285 13 380 121 160 365 289 181 74 378 356 288 320
Route 8: 137 21 240 189 154 34 104 353 264 139 385 190 278 26 237 200 54 226 229 267 214 136 30 153 57 145 215 207 303 376 161 82
Route 9: 290 367 235 225 276 127 227 180 263 287 83 295 169 14 384 173 46 304 102 4 328 228 220 91 400 257 342 79 315 81
Route 10: 166 355 323 64 84 36 62 387 23 9 348 39 204 165 179 311 300 395 291 135 107 43 63 134 85 45 277 332 90 56 126
Route 11: 192 175 110 105 377 20 359 347 128 157 156 50 198 202 5 327 206 223 10 310 158 261 273 111 394 55
Route 12: 1 203 67 53 224 372 309 345 298 389 272 194 306 196 268 299 399 281 78 168 334 381 209
Route 13: 73 163 349 97 60 122 360 186 350 141 386 32 201 123
Route 14: 346 142 149 374 113 95
Vehicles: 14
Distance: 6874.26
