Route 1: 286 217 88 185 209 10 152 336 15 76 241
Route 2: 126 115 398 331 66 277 325 368 20 37 249 311
Route 3: 150 354 206 366 257 300 99 184 175 3 372
Route 4: 83 97 7 149 101 212 169 237 13 329 163 224
Route 5: 64 208 269 343 145 100 318 106 297 43 230 41
Route 6: 29 255 33 375 157 47 28 305 219 132 27
Route 7: 139 392 280 301 349 36 191 60 344 91 130
Route 8: 267 364 340 373 167 148 367 378 164 391
Route 9: 266 310 92 332 308 146 268 79 260 34 197
Route 10: 393 360 12 299 9 279 90 196 321 192 250 234
Route 11: 387 262 339 165 312 400 8 319 246 81 84
Route 12: 80 315 221 351 284 294 58 356 134 107 86
Route 13: 186 381 202 309 118 342 21 187 232 346 45
Route 14: 112 135 140 198 108 248 171 239 128
Route 15: 395 361 105 154 272 377 306 124 2 347 376
Route 16: 94 54 386 180 179 379 323 225 327 59 253
Route 17: 151 193 322 23 19 55 261 120 383 131 313 158
Route 18: 87 298 302 201 70 25 96 353 316 142
Route 19: 56 141 252 290 370 274 138 170 4 190 275 240
Route 20: 385 199 296 335 82 359 161 254 293 53 122 75
Route 21: 292 226 17 155 388 263 281 129 176 137 384 227
Route 22: 102 222 304 69 159 71 211 113 6 178 223
Route 23: 348 235 44 114 93 229 204 103 220
Route 24: 49 38 374 111 194 307 264 363 251 259 276
Route 25: 72 397 334 216 195 285 18 238 42
Route 26: 358 231 78 278 125 188 288 35 228
Route 27: 270 156 333 371 210 382 338 256 205 89 258
Route 28: 291 31 362 287 243 136 317 22 399 123 104
Route 29: 324 213 121 63 233 173 50 396 242 166
Route 30: 73 265 85 380 314 328 177 95 30
Route 31: 357 77 74 394 68 14 11 369 110
Route 32: 109 365 273 203 207 341 200 119 352 40 183 289
Route 33: 144 24 303 295 143 215 153 147 283
Route 34: 52 16 51 181 1 116 127 245
Route 35: 236 61 218 182 271 244 57 48 345 98
Route 36: 390 174 189 39 67 65 168
Route 37: 214 172 26 326 355 117 247 162 320
Route 38: 337 330 160 5 46 350 282
Route 39: 133 62 32 389
Vehicles: 39
Distance: 11058.66
