Route 1: 168 298 281 91 353 138 116 172 86 163 288 185
Route 2: 359 177 282 274 166 150 395 24 317 10 324 178
Route 3: 124 226 76 376 258 188 43 169 244 302
Route 4: 104 260 335 319 85 245 355 118 94 84 311 108 51
Route 5: 216 304 236 220 224 181 303 143 78 347 287
Route 6: 90 232 318 357 270 391 109 142 386 13 8 400 73
Route 7: 218 388 182 194 125 280 261 325 195 284 397 279 204 106
Route 8: 337 107 186 394 203 27 122 120 336 250 344 98 130
Route 9: 291 217 160 119 69 146 133 95 368 276
Route 10: 11 42 40 57 54 60 179 228 349 384
Route 11: 334 9 209 253 28 227 323 189 369 137 320
Route 12: 164 377 196 259 225 315 81 249 113 251 159 46 71 235 187 382
Route 13: 170 278 341 233 156 314 63 161 147 193 89 213 180
Route 14: 290 154 340 381 165 206 88 7 58 36
Route 15: 145 396 20 148 192 4 184 207 117 39 48 50 44
Route 16: 342 131 346 173 70 378 230 151 269 313 199 37
Route 17: 389 263 316 385 331 272 300 241 256 101 17 358
Route 18: 243 362 45 273 47 33 215 310 102 167 307 329
Route 19: 72 367 309 171 361 294 277 210 19
Route 20: 375 330 183 6 103 110 393 339 262 234
Route 21: 292 93 351 111 392 1 80 248 157 18 332 242
Route 22: 34 128 82 327 257 326 15 197 398
Route 23: 285 212 61 286 295 208 333 247 321 55 271
Route 24: 127 214 16 380 240 56 3 338 26 92 162
Route 25: 30 123 14 83 12 202 348 115 105 149 266
Route 26: 175 229 59 383 79 5 121 289 35
Route 27: 390 373 52 297 372 211 275 68 322 2 268 360
Route 28: 312 176 352 99 223 29 144 22 301 132 265
Route 29: 31 100 112 296 267 399 231 387 66 41 136
Route 30: 379 65 363 201 67 134 21 77 97
Route 31: 155 32 222 139 238 23 237 350 75
Route 32: 190 114 293 141 356 365 74 366 129 255 374 239 305
Route 33: 343 53 140 308 62 264 252 198 200 205 306 370
Route 34: 364 64 153 38 96 219 191 158
Route 35: 87 126 135 152 283 345 49 354
Route 36: 328 246 25 221 299 174 254 371
Vehicles: 36
Distance: 10749.41
