Route 1: 171 350 278 78 39 105 64 316 213 31 124 290 266 339 272 6 80 157 178 16 322 299 306 283 112 150 82 279 319 333 149 362 15 335 22 338 248 254 36 302 119 293 101 385 107 361 69 140 265 398 291 113 289 169 277 346 88 192 166
Route 2: 35 155 48 251 42 28 181 70 345 177 89 13 400 131 396 65 132 55 295 59 111 312 136 61 152 399 75 51 300 30 187 371 340 303 365 298 275 128 380 79 34 172 382 159 349 126 239 262 167 92 309 179 83 106 23 3 259 241
Route 3: 81 108 122 127 109 182 237 238 53 141 84 284 258 199 270 320 331 230 372 287 190 72 220 269 273 288 74 165 143 249 71 37 118 196 313 158 225 388 318 60 21 102 104 315 24 374 328 38 185 54 193 308 383 232 153 367 260 160
Route 4: 390 342 391 7 281 214 256 355 381 188 360 282 294 96 235 8 394 103 67 2 66 203 375 62 358 110 307 250 189 327 274 366 93 253 234 125 207 354 151 329 227 267 14 304 392 25 373 91 332 292 12 243 18 224 201
Route 5: 154 170 212 397 370 144 323 208 63 163 357 56 33 195 246 49 222 27 94 176 264 90 173 205 324 26 133 57 197 384 116 1 10 186 114 200 183 353 134 226 97 297 261 210 191 194 247 204 216 99 52 123 364
Route 6: 301 317 138 395 139 255 242 77 9 378 245 76 47 58 135 311 168 285 379 145 352 219 221 17 146 343 148 174 19 341 351 369 129 236 87 43 363 268 29 271 359 257 32 336 121 240 229 46 286 330 305 11 387 231 45
Route 7: 393 5 117 386 347 40 50 198 120 86 263 310 180 218 348 368 73 211 233 115 252 147 44 68 137 206 223 314 217 244 334 142 156 228 209
Route 8: 356 389 162 184 98 321 41 130 20 161 377 215 100 175 280 325 376 296 326 276 344 337 164 85 95 4 202
Vehicles: 8
Distance: 10606.33
