Route 1: 186 204 35 357 22 331 273 398 121 383 150 58
Route 2: 213 238 349 161 318 72 140 169 361 393 85 313 184 228 102
Route 3: 144 256 296 143 23 76 32 363 201 315 214 93
Route 4: 211 75 284 352 285 127 319 18 126 208 107
Route 5: 164 77 196 348 90 360 108 3 242 344 2 277
Route 6: 329 193 262 14 194 135 94 202 283 343 12
Route 7: 250 36 269 306 142 203 103 8 376 46 270 28 359
Route 8: 98 13 378 282 187 323 304 63 259 125 182
Route 9: 222 178 217 136 117 400 39 355 177 288 190 332 245
Route 10: 172 317 307 373 56 374 49 276 219 159
Route 11: 278 328 9 322 241 17 41 333 69 84 104
Route 12: 99 337 379 160 61 146 388 301 308
Route 13: 399 38 221 254 311 83 240 81 66 212 60
Route 14: 55 236 16 247 369 120 386 128 106 131
Route 15: 165 316 243 179 173 47 370 180 207 141 188
Route 16: 396 340 92 115 394 267 327 367 15 33 334
Route 17: 295 375 181 297 210 114 89 235 206 391 132
Route 18: 168 97 53 65 52 170 138 26 224 154 384 133 371
Route 19: 368 218 171 21 395 88 54 274 223 176 248 387 44
Route 20: 381 305 299 335 162 225 116 280 321 100 298 45
Route 21: 40 232 372 392 6 62 251 148 130 78 167 59 336
Route 22: 4 239 380 385 91 330 151 34
Route 23: 37 253 275 325 209 358 200 397 7 153
Route 24: 95 189 67 50 149 31 258 366 101 237 158 290
Route 25: 147 156 96 113 265 342 230 42 19 68 303 139
Route 26: 155 25 255 73 134 287 145 377 233 264 199 362
Route 27: 11 185 339 341 382 294 174 302 268 86 231 124
Route 28: 123 226 266 191 261 166 105 119 314
Route 29: 252 353 43 205 24 281 351 390
Route 30: 310 20 163 300 137 129 312 257 354
Route 31: 346 260 30 320 192 197 74 365 175
Route 32: 263 51 71 122 79 272 292 229 220 183
Route 33: 324 109 345 111 279 195 364 271 1 291 5 118
Route 34: 80 10 110 309 244 216 227 347
Route 35: 87 389 64 29 27 198 338 234 350 82
Route 36: 293 326 249 112 48 70
Route 37: 286 152 57 246 356 157 289
Route 38: 215
Vehicles: 38
Distance: 10446.83
