Route 1: 217 88 152 209 185 10 286 336 3 354 241
Route 2: 126 115 277 398 66 331 325 368 37 20 257 311
Route 3: 366 83 184 206 175 99 150 300 76 13
Route 4: 97 375 149 101 33 255 7 15 212 157 28 249
Route 5: 343 269 64 208 100 145 318 106 297 329 260 163
Route 6: 301 36 280 392 139 349 191 344 91 130 372
Route 7: 29 237 169 305 219 393 140 9 12 198 299
Route 8: 267 364 340 373 167 148 378 164 367 391
Route 9: 332 310 266 197 339 262 400 8 34 43 230 41
Route 10: 92 81 246 312 84 268 79 308 165 146 224
Route 11: 54 180 179 386 379 319 323 278 231 188 225 45
Route 12: 196 112 135 47 90 279 321 132 22 136 317
Route 13: 80 315 221 284 351 58 356 134 371 193 151 107
Route 14: 360 31 362 171 243 248 239 192 108 128 27 56
Route 15: 186 154 381 202 342 309 118 21 346 232 273
Route 16: 94 78 125 238 18 334 292
Route 17: 23 270 19 294 120 383 121 131 213 261 86
Route 18: 70 298 87 30 302 25 96 49 353 316 142
Route 19: 105 155 395 361 272 306 377 124 2 347 376
Route 20: 387 327 159 304 71 222 211 59 253 288 6
Route 21: 141 252 370 274 138 275 4 190 223 240 218 290
Route 22: 335 385 199 82 296 359 254 293 60 53 313 24
Route 23: 322 205 338 382 256 55 50 161 276 374 363
Route 24: 102 69 61 14 113 178 68 394 74 77
Route 25: 73 265 380 85 328 95 399 201 264
Route 26: 114 44 348 235 388 176 129 263 281 137 384 122
Route 27: 182 236 369 35 11 170 110 234 250 174 390
Route 28: 397 72 203 365 341 207 187 200 119 123 228 42
Route 29: 324 156 333 111 194 396 251 307 32 62 38
Route 30: 63 144 233 173 133 39 65 259 242 51 93
Route 31: 287 52 16 314 291 177 389
Route 32: 216 358 195 285 183 350 282 172 75 26 109
Route 33: 303 229 204 295 103 220 160 166 258 227
Route 34: 357 98 271 244 48 57 345 127
Route 35: 17 226 214 158 247 352 40 117 289 162 355 326
Route 36: 189 1 116 245 153 89 46 337
Route 37: 5 330 143 215 320 168 283 104
Route 38: 181 210 67 147
Vehicles: 38
Distance: 9795.31
