Route 1: 75 324 296 170 144 25 216 238 313 302 362 293 182 124 115 99 88 255 259 307 308 319 218 363 301 66 195 98 246 213 15 174 27 396 391 162 150
Route 2: 19 325 370 2 284 100 7 59 22 297 101 28 351 336 155 219 245 143 232 184 188 51 31 217 393 339 251 375 279 71 61 176 242 44
Route 3: 117 37 262 177 191 129 371 18 96 294 276 140 250 120 274 354 326 215 145 318 133 119 337 92 38 364 16 340 266 72 76 109 361
Route 4: 35 65 167 314 233 244 199 132 317 382 114 369 94 112 106 159 125 331 256 103 121 350 97 73 163 379 108 58 193 187 33 282 383 252 164
Route 5: 49 62 239 211 292 12 333 355 205 171 152 210 185 397 89 36 68 316 322 42 231 8 305 381 280 234 243 48 93 286 390 131 6 70
Route 6: 230 222 3 248 146 349 141 60 178 172 389 380 285 47 160 183 77 24 17 330 392 367 235 265 366 221 288 320 356 138 79 315
Route 7: 21 240 154 30 34 357 189 275 151 359 20 9 192 374 204 39 395 311 179 291 135 134 332 63 107 43 85 277 90 126 56 110 165 300 29
Route 8: 147 373 249 329 269 335 271 388 69 197 398 241 208 11 209 148 258 116 41 343 312 118 130 86 52 341 270 247 40 82 347 45
Route 9: 137 372 53 1 67 104 224 353 264 139 190 385 194 278 54 268 299 196 306 214 267 136 399 229 57 153 207 303 376 161 368 26 344 87 260 352
Route 10: 225 254 127 358 321 236 4 228 227 180 263 83 295 169 14 304 384 46 173 102 253 220 91 400 328 342 257 203 345 309 80 226 158
Route 11: 166 175 323 64 84 387 23 348 50 212 283 237 200 327 223 273 281 261 310 168 334 55 111 81 128 377 156 198 5
Route 12: 95 290 298 287 272 122 360 186 386 201 32 123 13 338 289 181 74 365 378 142 113 206
Route 13: 105 346 149 157 202 78 10 394
Vehicles: 13
Distance: 6905.87
