Route 1: 127 44 134 211 526 178 26 434 293 446 487
Route 2: 440 228 267 62 352 275 547 566 28 488 600 79 332
Route 3: 438 363 231 568 173 66 425 419 78 47 443 523 230
Route 4: 390 37 214 346 453 96 599 174 344 395 551 235
Route 5: 199 103 391 297 149 222 596 224 386 348 270
Route 6: 418 535 112 341 416 294 420 163 580 221 33 290 1
Route 7: 347 550 255 451 485 456 385 45 585 309
Route 8: 241 63 55 375 2 512 284 23 289 303 185 87
Route 9: 480 6 423 543 379 564 522 162 427 553 188
Route 10: 202 104 358 133 138 246 143 273 276 354 198
Route 11: 355 481 179 295 35 349 135 216 98 383 474
Route 12: 136 239 588 527 220 362 557 102 570 336 296 225
Route 13: 5 326 476 518 549 562 428 496 442 319 48 505 573
Route 14: 382 563 36 21 343 73 283 479 370 115 412 287
Route 15: 569 299 256 76 448 508 232 491 366 93
Route 16: 468 237 10 260 32 567 457 99 90 492
Route 17: 49 495 439 31 586 542 8 59 449 415
Route 18: 205 168 196 171 217 473 461 193 433 598 177 3
Route 19: 305 452 67 22 555 18 119 421 436
Route 20: 544 229 243 81 454 331 234 186 100 244
Route 21: 490 75 340 14 253 58 310 94 43 268
Route 22: 591 533 11 389 398 459 197 464 311 190 539 342
Route 23: 46 140 132 266 531 206 407 201 324 52 408
Route 24: 20 252 537 142 444 430 158 558
Route 25: 17 240 409 583 60 400 242 84 576 469 587 249 351
Route 26: 353 447 131 357 34 361 148 156 204 259 291 394
Route 27: 501 194 56 238 121 521 333 128 263 19 482 325 429 392
Route 28: 381 322 307 372 97 465 534 82 572 536
Route 29: 304 146 497 302 437 89 298 597 510 4 560 208 426
Route 30: 247 403 120 109 286 417 161 441 191 53 589 137 514
Route 31: 85 245 371 337 498 502 529 107 183 108 152 424
Route 32: 530 170 250 182 556 141 226 393 153 414 396 129 422
Route 33: 181 272 359 126 41 172 329 581 57 364
Route 34: 517 165 207 155 511 317 61 500
Route 35: 42 160 72 360 575 445 69 7 147 92 509
Route 36: 123 520 88 538 215 164 77 559 117 399 458 213 507 561
Route 37: 519 571 180 315 528 105 271 320 405
Route 38: 282 432 219 313 288 150 118 300 83
Route 39: 281 493 404 471 577 54 301 110 24 455
Route 40: 248 397 552 318 463 189 184 330 339
Route 41: 187 124 292 145 114 264 525 125 384 368
Route 42: 95 323 504 401 139 254 64 71 475 579
Route 43: 594 548 16 545 144 51 541 227 68 86 258 365 91
Route 44: 413 9 80 460 345 101 524 328 122 380
Route 45: 278 29 462 157 367 269 584 212 574 280 590 578
Route 46: 176 554 279 38 377 40 203 378 116 388 477
Route 47: 274 565 486 223 166 159 113 411 431 513 484 30
Route 48: 373 546 154 321 167 595 169 316 106 489
Route 49: 593 27 13 334 515 435 327 70 472 15
Route 50: 483 285 195 356 466 314 338 151
Route 51: 387 192 516 369 265 209 277 350 306 450
Route 52: 503 494 402 200 335 410 130 374 376
Route 53: 39 218 257 532 470 233 308 582 25 74 540 592
Route 54: 65 210 467 262 406 50 111 478 236 312
Route 55: 175 12 251 499 506 261
Vehicles: 55
Distance: 21076.82
