Route 1: 59 221 18 120 244 197 464 340 251 345
Route 2: 154 475 50 188 598 334 562 56 529 316
Route 3: 158 358 474 163 146 36 252 579 451 289 234
Route 4: 399 303 256 55 38 224 34 348 238
Route 5: 131 127 33 282 75 468 77 576 329 284 511 419
Route 6: 560 61 582 71 111 258 557 566 37 242 398
Route 7: 166 202 189 425 10 173 228 17 137 218 177 235
Route 8: 338 181 76 13 308 416 568 452 178 390 118
Route 9: 90 360 492 517 23 354 393 332 506 313 223
Route 10: 68 593 331 30 86 597 62 294 333 113 502 423
Route 11: 523 501 571 138 420 28 442 496 4 368 404 180 194
Route 12: 600 367 250 344 21 99 320 27 365 296
Route 13: 500 376 233 384 490 155 463 40 525
Route 14: 330 47 417 247 60 175 516 121 222 229 396 476 179
Route 15: 421 350 381 564 109 392 508 312 445 185
Route 16: 518 595 98 104 321 241 236 227 389 186
Route 17: 546 380 337 167 510 318 362 96 270 581 70
Route 18: 88 300 346 436 58 285 293 215 66 64
Route 19: 142 457 226 298 14 577 112 2 567 265 8
Route 20: 19 260 193 572 391 322 286 106 548 499
Route 21: 261 191 31 383 63 9 149 160 110 317 409 407
Route 22: 575 239 418 208 100 594 214 92 319 424 83 153
Route 23: 45 412 342 580 415 11 122 503 382 24 472
Route 24: 592 267 355 291 72 272 466 394 126 80 102 43
Route 25: 268 434 532 196 257 67 460 584 372 171 491 295
Route 26: 531 69 374 128 533 537 359 213 552 277 280
Route 27: 349 264 103 3 461 133 495 397 168 450 114 410
Route 28: 211 556 547 209 309 54 591 302 549 484
Route 29: 107 586 431 347 183 324 156 473 89 283 311
Route 30: 551 206 370 414 87 481 245 504 195 422 430
Route 31: 440 413 5 53 448 587 39 530 555 124 583
Route 32: 262 190 44 479 12 176 446 81 432 290 108
Route 33: 148 203 480 524 507 522 273 563 377
Route 34: 554 357 343 52 465 130 263 325 541 198 85
Route 35: 569 535 482 565 310 140 281 78 231 314 570 467
Route 36: 519 315 352 57 205 42 478 356 141 266
Route 37: 521 590 117 35 93 527 373 165 269
Route 38: 336 596 471 542 540 20 255 447 187 132
Route 39: 246 232 204 441 534 387 164 304 125 486 216
Route 40: 230 237 509 388 299 406 201 561 48 528
Route 41: 150 16 115 199 411 453 51 514 443 274 134
Route 42: 536 444 371 573 305 243 544 553 339 366 455
Route 43: 589 29 174 25 41 526 335 558 200 123
Route 44: 288 489 539 485 136 287 32 428 159 225
Route 45: 144 449 498 513 469 353 326 79 328
Route 46: 379 545 207 323 459 458 135 341 220 585
Route 47: 400 169 49 351 26 588 395 129 46 369
Route 48: 212 65 74 170 487 15 240 488 574 307
Route 49: 7 477 151 73 147 403 182 161 145
Route 50: 429 143 559 301 276 364 172 550 271 279
Route 51: 192 248 217 405 119 437 505 435 97
Route 52: 184 254 402 470 292 578 433 515
Route 53: 1 84 439 219 426 454 438 401
Route 54: 538 253 363 493 408 375 162 543
Route 55: 259 101 297 361 105 520
Route 56: 378 91 116 512 152 82 249
Route 57: 139 275 494 497 210
Route 58: 386 6 385 278 427 599 483 95
Route 59: 157 306 327 456 94 22 462
Vehicles: 59
Distance: 19611.27
