Route 1: 13 266 556 233 550 239 451 526 117 186 257 364
Route 2: 263 302 71 4 356 101 112 388 417 16 56 138 114 194
Route 3: 261 234 60 293 157 238 25 371 153 463 172 359 106 222
Route 4: 398 207 104 502 118 303 176 78 29 122 590 538 185
Route 5: 581 264 128 322 150 167 435 482 292 123 247 479 283 137 434 237 436
Route 6: 336 73 230 354 413 401 280 271 68 140 166 348 522 22
Route 7: 38 139 229 75 235 523 430 516 50 113 432 225 248
Route 8: 546 315 408 500 486 243 208 204 276 277 365
Route 9: 563 145 360 510 89 47 404 369 109 269
Route 10: 26 343 316 331 147 36 594 311
Route 11: 245 429 411 378 42 198 310 370 505 161 362 309
Route 12: 586 24 445 377 318 527 43 583 62 188 193 200 474 265 495
Route 13: 175 148 375 63 577 592 240 214 553 181 3 169 288
Route 14: 414 267 520 82 518 6 560 355 163 272
Route 15: 423 376 2 221 461 593 499 126 103
Route 16: 39 184 212 339 205 100 94 77 130 387 475 124
Route 17: 515 570 579 31 421 564 125 270 251 409 262 456 493
Route 18: 274 244 121 597 281 190 511 450 72 467
Route 19: 449 226 86 252 528 469 187 324 182
Route 20: 386 385 210 584 21 525 561 549 490 501 79 448 405 102 15
Route 21: 551 477 196 84 428 223 74 389 512 158 412
Route 22: 514 580 160 353 7 507 497 349 470 80
Route 23: 132 151 20 162 201 174 462 294 93 396
Route 24: 177 481 540 326 504 110 129 543 40 459 427 578
Route 25: 10 19 155 473 305 488 541 17 415
Route 26: 95 599 506 422 313 379 466 143 218 335 323 116 478
Route 27: 296 81 171 382 32 344 142 372 11 54
Route 28: 439 216 41 498 66 92 350 345
Route 29: 347 443 37 533 58 90 173 97 250 402 285 219
Route 30: 159 192 320 330 183 454 519 517 346 572
Route 31: 189 582 363 361 568 426 333 337 306 144 203
Route 32: 57 457 170 282 368 383 484 374 105 446 259
Route 33: 574 480 59 136 565 14 464 569 587 91 521 46
Route 34: 384 537 403 539 440 325 487 209 552 178 496
Route 35: 99 278 531 329 195 529 96 340 406 44 164 241 133
Route 36: 65 328 425 317 390 532 307 483
Route 37: 287 228 416 419 573 231 246 373 197 391 9
Route 38: 400 1 547 242 107 30 220 236 460 304 206
Route 39: 598 535 455 595 300 431 492 85 52 286 485 452 566
Route 40: 392 399 127 290 321 253 441 8 442 562
Route 41: 327 367 491 544 168 299 61 458 48
Route 42: 558 410 453 27 284 357 297 12 351
Route 43: 45 588 156 18 437 555 165 591 536 554 476
Route 44: 424 260 215 213 273 332 433 503 559 268 352 232
Route 45: 489 418 224 69 472 380 83 575 557
Route 46: 152 298 249 393 509 308 108 111 341 275 342 98
Route 47: 258 334 494 87 141 49 33 524
Route 48: 589 394 471 67 279 571 254 319 53
Route 49: 217 312 289 600 291 227 465 407 567 70
Route 50: 34 28 120 513 115 596 51 295 447 23 314
Route 51: 301 395 534 468 548 381 55 191
Route 52: 542 438 146 420 149 255 180 211 366
Route 53: 508 179 199 131 545 397 135
Route 54: 256 358 5 530 585 119 576 134 76
Route 55: 338 88 64 202 444 35 154
Vehicles: 55
Distance: 25098.59
