Route 1: 199 63 261 493 209 594 79 541 223 320 230 255 459 309 85 386 342 248 456 599 335 597 582 568 476 515 497 392 475 22 569 516 514 307 564 95
Route 2: 295 207 210 162 26 31 555 331 135 212 313 137 501 356 570 345 121 218 211 572 451 73 578 580 300 166 468 457 530 72 545 339 526 224
Route 3: 116 352 200 412 161 188 384 151 164 74 504 249 450 521 439 452 329 487 525 219 486 509 71 388 350 390 416 551 529 77 191 57 98 228
Route 4: 111 347 56 553 67 220 474 110 7 291 588 38 411 246 128 275 292 435 233 303 232 206 244 86 403 322 444 156 53 354 422 408 4 130
Route 5: 301 312 340 287 394 455 432 406 361 194 237 290 178 440 12 445 278 370 405 197 65 68 561 512 69 353 349 50 45 76 102 93 193
Route 6: 25 37 19 253 271 70 471 533 366 94 132 376 240 574 484 502 410 389 374 294 54 446 477 513 231 360 421 33 139 328 247 16 239 437
Route 7: 208 404 283 226 496 590 281 106 252 316 520 346 510 113 51 27 298 126 443 256 262 581 355 120 133 391 163 170 279 491 144 368
Route 8: 573 517 97 169 260 6 205 558 196 337 511 362 265 153 483 123 587 172 268 595 567 270 75 429 485 263 100 84 453 264 478 167 23 363
Route 9: 383 282 333 288 299 434 518 358 586 266 449 92 105 185 395 2 187 213 519 297 585 286 359 344 43 317 379 495 465 372 343 3 400
Route 10: 34 409 470 550 467 399 184 425 5 454 112 538 321 308 369 315 103 215 136 326 466 183 214 589 66 131 463 535 546 544 127
Route 11: 327 24 464 593 182 142 414 83 168 192 61 548 482 524 549 148 543 8 201 202 458 277 90 141 159 508 242 189 285 20 565 396 377 365
Route 12: 80 426 58 78 154 418 229 21 351 82 427 149 293 59 119 401 592 433 36 460 42 552 276 364 579 503 114 101 122 138 584 481
Route 13: 507 447 500 81 539 489 522 506 499 257 104 171 146 367 338 557 48 413 380 336 424 236 560 29 158 571
Route 14: 46 436 430 222 152 143 357 310 319 274 140 47 245 115 419 109 330 88 479 334 442 32 235 415 89
Route 15: 591 39 10 461 14 563 267 49 480 566 259 30 494 505 531 576 304 583 314 348 600 556 378 341 44 55 147 190 41 174 216 325
Route 16: 469 472 195 87 532 381 124 323 250 221 155 145 204 375 15 371 125 227 311 284 234 62 9 324 540 129 28
Route 17: 431 382 64 448 598 40 173 243 534 117 13 99 423 385 273 217 318 490 157 438 302 1 60 398 407 417 96 373 179 492
Route 18: 542 52 554 251 18 536 134 176 11 527 181 528 198 387 498 17 577 393 107 238 118 596
Route 19: 547 272 203 296 332 186 523 402 150 537 462 175 575 306 160 241 305 177 108
Route 20: 280 562 488 397 441 559 35 269 91 473 258 428 289 225 420 165 180 254
Vehicles: 20
Distance: 15224.83
