Route 1: 166 70 34 507 369 199 61 232 296 504 334 221 115 98 547 456 45 430 364 469 393 177 273 138 187 103 542 69 262 424 129 269 186 463 284 10 245 276 349 192 426 483 25 453 567 467 141 270 548 402 480 114 251 458 119 154 395 439
Route 2: 80 66 437 389 376 90 478 545 328 384 226 241 479 596 157 495 299 253 143 152 223 212 158 88 288 526 375 102 101 250 360 14 362 419 377 440 79 147 323 379 399 36 324 581 557 305 345 142 344 286 595 522 358 412 180 204 99 346 531 144 125 248 148 451
Route 3: 209 306 438 319 304 249 365 530 23 118 353 532 425 17 447 52 554 280 544 401 518 122 112 85 474 318 136 462 117 30 429 298 137 7 111 460 196 496 568 207 423 74 330 432 508 123 590 534 579 408 558 282 560 5 465 1
Route 4: 461 421 285 263 381 511 524 409 449 578 500 514 200 563 566 594 459 592 264 46 527 92 257 550 231 71 220 589 597 15 436 343 457 60 442 471 32 582 50 86 219 194 427 410 131 366 208 373 43 475 176 327 340 539 486 246 587
Route 5: 482 275 313 331 361 127 322 585 83 130 422 569 448 405 481 106 561 234 355 87 356 505 183 374 300 315 44 517 240 572 230 509 396 2 73 24 145 385 338 588 13 394 51 573 153 292 56 164 121 476 159 191 335 35
Route 6: 113 18 370 503 126 185 281 174 93 295 291 528 104 417 128 470 499 289 179 9 492 233 525 67 302 225 484 68 363 564 238 167 4 210 591 59 577 49 217 28 27 576 215 523 529 229 268 75 326 565 543 271 494 72 348 433 22 490 65
Route 7: 165 294 316 178 110 407 371 351 290 146 181 205 55 308 307 261 161 19 445 48 228 446 216 472 206 252 109 464 354 171 400 133 333 184 12 341 311 38 434 336 598 279 213 411 502 170 450 398 297 390 96 21 244
Route 8: 387 477 54 406 498 513 493 368 312 383 488 247 599 386 552 501 8 11 33 466 105 332 91 415 41 586 309 320 162 42 380 367 535 352 283 236 329 260 189 321 239 521 63 175 431 150 416 82 392 584 317 39 124 293 202 516 31 593
Route 9: 301 197 403 575 303 443 218 224 140 574 47 519 404 491 339 100 267 506 182 388 497 372 222 583 473 391 553 347 188 266 382 570 580 314 555 418 155 76 435 441 533 95 414 107 254 135 139 156 556 84 512 277 310
Route 10: 169 235 489 190 6 259 520 413 452 265 16 255 3 163 201 211 193 571 149 287 325 454 57 546 160 97 20 26 151 94 342 132 455 487 278 58 256 242 559 551 116 243 108 64 203 62 540 537 485 359
Route 11: 81 37 541 378 89 337 444 272 274 29 357 549 40 515 214 198 600 510 562 468 538 173 53 536 77 195 78 258 428
Route 12: 350 397 227 420 120 237 134 168 172
Vehicles: 12
Distance: 15562.55
