Route 1: 266 359 257 118 546 526 303 78 117 280 277 502 239 16 56 388 364
Route 2: 302 343 112 271 166 336 401 140 310 230 348 22 194
Route 3: 263 101 47 417 222 106 172 436 479 269 234 237
Route 4: 71 386 486 235 75 221 430 516 423 73 113 50 225 248
Route 5: 233 435 482 267 247 590 128 122 538 185 186
Route 6: 556 276 586 193 523 200 474 256 365 499 432
Route 7: 13 404 60 371 157 123 456 6 434 153 463 369 362 161
Route 8: 261 292 293 175 148 360 449 510 198 138 109 288 145
Route 9: 398 318 208 243 43 500 402 594 311 26
Route 10: 4 229 139 179 593 461 2 103 522
Route 11: 550 315 527 204 501 201 93 62 54 396 583 495
Route 12: 207 445 210 385 525 21 296 188 382 64 265 29
Route 13: 167 39 387 475 130 77 205 212 353 163 272
Route 14: 104 408 143 316 331 102 147 313 20 36
Route 15: 264 414 25 518 82 473 305 57 541 560 19
Route 16: 581 539 184 298 552 403 100 94 580 478 116
Route 17: 338 99 151 422 174 462 490 448 405 294 268
Route 18: 356 245 110 459 46 511 159 450 467 68 578
Route 19: 150 10 155 400 160 7 349 15 80 470
Route 20: 38 37 376 219 173 481 126 42 324 283 114 89 309
Route 21: 563 192 378 574 569 306 274 244 255 182 370 505
Route 22: 322 384 537 393 135 425 65 328 507 355 169
Route 23: 413 429 121 330 190 281 399 346 127 72 427 337
Route 24: 451 132 339 95 379 218 96 133 323 195 340
Route 25: 411 469 223 389 74 361 591 528 412 158
Route 26: 354 88 202 250 154 444 171 231 419 9 366 443
Route 27: 31 421 564 270 409 125 493 181 3 240
Route 28: 176 152 440 308 487 178 275 342 164 241 335 483
Route 29: 508 347 287 199 334 81 372 142 11
Route 30: 515 477 345 363 568 350 582 86 187 91
Route 31: 24 424 559 534 28 51 33 468 215 213 273 79 406
Route 32: 377 260 314 34 548 55 494 549 87 141
Route 33: 570 439 553 577 498 428 216 375 63 592 66 137
Route 34: 170 238 520 446 488 262 431 452 17 415
Route 35: 579 27 410 600 535 492 284 52 85 453 214 251 259 566
Route 36: 514 599 278 506 466 209 390 496 329 44 232 352 524
Route 37: 504 489 320 589 183 290 597 299 572 48 203 521
Route 38: 226 252 555 588 156 437 165 426 333
Route 39: 162 531 596 513 332 433 503 49 197 90
Route 40: 551 196 84 18 565 464 144 61 587 512
Route 41: 457 558 383 368 374 300 105 484 567 111
Route 42: 177 540 58 533 573 97 253 129 441 517 40
Route 43: 598 595 291 227 485 286 351 407 119 92 476
Route 44: 326 442 224 180 391 472 380 562
Route 45: 282 1 547 30 460 236 304 497 98 317 307
Route 46: 416 228 258 246 285 373 279 211 543 557
Route 47: 529 115 561 32 344 83 146 438 575
Route 48: 455 312 357 41 297 12 576 134 465 217
Route 49: 480 59 327 136 491 544 14 458 124 53 420 542
Route 50: 584 301 447 295 381 23 8
Route 51: 367 392 471 394 454 168 519 254
Route 52: 249 509 108 107 242 220 131 191 206 70
Route 53: 325 341 545 532 397
Route 54: 418 69 321 149 571 319
Route 55: 45 530 5 585 554 76
Route 56: 189 289 358 536
Route 57: 120 35
Route 58: 395 67
Vehicles: 58
Distance: 28438.52
