Route 1: 199 149 550 214 37 346 453 96 599 487 127 446 293 434 26 178 526 211 134 79 568 382 173 358 188 133 66 425 231 363 44 438 332 440 222 347 224 235 596 174 344 390 551 270 78 228 386 239 336 136 185 303 439 351 249 495 87
Route 2: 103 297 418 416 341 112 260 490 75 340 454 14 426 81 331 234 186 309 100 202 535 33 221 580 90 163 420 492 294 443 244 287 412 69 237 10 468 32 500 501 19 384 158 444 537 20 366 45 93 395 290 1 523 255 225 585 230
Route 3: 63 55 488 375 28 566 547 267 348 385 569 456 485 299 451 296 76 508 598 168 448 256 102 570 391 284 512 352 275 62 295 564 522 276 427 553 162 143 600 562 436 21 246 198 563 442 319 48 98 216 273 179 342 241 549 135 35
Route 4: 2 23 349 505 474 6 423 543 518 476 383 326 555 22 428 67 452 283 36 343 479 138 419 104 354 5 379 480 591 311 364 137 53 589 181 191 514 247 407 471 281 206 201 324 489 417 531 408 481 573 539 190 464 533
Route 5: 47 289 46 266 132 140 120 441 161 403 109 493 577 71 515 13 254 334 593 54 27 24 404 301 110 455 504 396 414 226 95 393 153 323 556 141 576 60 170 242 469 84 583 17 542 31 8 59 462 314 182 250 587 449 415
Route 6: 491 325 121 567 482 521 128 238 56 194 263 333 252 430 529 502 371 498 114 292 187 125 183 124 525 50 108 107 337 264 85 558 232 193 3 433 196 177 40 465 534 82 572 424 392 557 203 388 116 151 578 335 322 34 171 381 205
Route 7: 586 409 49 400 530 83 394 150 313 212 288 269 367 362 594 461 217 16 372 473 548 91 307 545 144 503 365 357 361 447 131 258 86 541 494 51 68 227 156 204 282 219 432 527 588 220 353 148 200 574 300 291 157 259 268
Route 8: 536 97 145 38 245 152 592 374 130 470 74 30 39 540 218 582 176 65 210 467 262 233 376 165 4 92 61 265 308 554 257 410 431 544 115 7 207 111 532 406 209 279 142 368 517 277 369 513 509 370 429 457 99
Route 9: 484 350 422 166 147 42 445 483 524 575 160 58 243 253 310 560 510 9 302 497 437 89 298 552 189 413 463 271 318 248 397 330 80 597 339 146 18 496 561 320 571 519 180 405 304 119 421 208 229 360 460 305 73 43
Route 10: 240 52 106 154 167 321 123 520 458 164 77 197 215 399 88 538 213 184 274 565 12 101 486 72 122 328 380 155 94 11 581 272 359 126 559 345 236 105 499 251 117 316 57 15 595 312 506 478 528 315 261 507 286 472 579
Route 11: 355 590 280 118 139 401 327 41 329 172 546 373 459 398 389 175 29 64 475 70 435 356 466 129 584 402 338 195 285 169 223 278 159 477
Route 12: 25 192 387 516 306 411 113 450 317 511 377 378
Vehicles: 12
Distance: 16968.64
