Route 1: 139 618 106 555 689 341 580 262 799 365 190 140 71 334 255 103 345 257 354 152 661 75 690 104 720 127 637 153 358 496 202 491 429 735 416 52
Route 2: 116 622 592 566 702 411 607 60 112 237 630 185 378 55 6 728 359 656 390 752 767 4 535 778 734 549 66 654 633 465 281 23 487 317
Route 3: 408 474 179 181 531 772 203 556 146 265 391 134 663 484 673 410 685 527 10 427 335 395 235 399 518 274 645 299 283 716 482 422 266
Route 4: 321 543 576 515 92 572 186 649 135 526 330 420 224 36 145 686 568 107 619 162 749 68 438 570 781 13 677 521 149 587 95 719 256 751 477
Route 5: 705 100 313 128 754 189 231 96 371 241 437 91 552 50 118 5 779 610 83 88 509 432 442 53 530 226 718 214 788 710 682 462 560 611 383 206
Route 6: 679 455 688 409 306 79 759 461 662 285 110 551 158 561 497 42 225 554 492 336 470 65 450 486 251 27 246 678 287 205 501 451
Route 7: 293 327 597 590 537 547 28 86 19 603 625 567 644 273 119 441 473 598 210 148 493 46 291 81 733 143 748 433 608 373 660 21 195
Route 8: 631 147 431 738 505 504 514 708 519 703 563 800 414 154 444 364 522 665 201 191 747 448 647 586 424 569 48 746 460 221 376 591 548 676 49
Route 9: 712 2 372 102 726 577 508 32 687 43 138 343 413 792 507 701 571 729 31 346 332 524 59 500 634 3 253 305 502 797 12 795 393 564 316
Route 10: 436 745 220 664 769 776 170 207 193 222 558 77 699 142 672 340 478 623 683 319 292 498 34 468 67 298 245 415 539 144 385 696 173 381 78
Route 11: 337 228 388 267 8 171 263 512 14 646 379 131 458 353 463 243 11 302 446 651 320 639 494 614 447 308 254 275 223 485 363 711 295
Route 12: 782 361 744 456 367 175 155 428 541 219 596 324 264 402 323 234 709 785 394 217 26 356 194 111 208 540 760 355 724 412 382
Route 13: 276 464 284 177 643 499 90 58 765 98 199 480 562 80 542 697 457 374 132 248 766 301 780 74 156 488 579 583 692 773 671 628 7 523 794
Route 14: 232 426 41 739 532 506 529 642 565 180 93 54 698 35 62 286 44 97 725 648 681 574 606 791 706 389 406 259 440 213 578 61 174 368
Route 15: 236 37 384 113 252 704 300 261 310 723 403 294 756 675 680 695 770 768 136 516 472 268 593 545 700 471 658 150 550 736 405
Route 16: 312 714 315 594 657 73 584 635 750 638 348 161 538 15 731 85 469 559 626 452 612 370 775 105 290 230 730 670 684 70 453 325 22 1
Route 17: 459 108 133 212 443 9 439 513 737 141 30 495 707 721 758 479 732 627 629 169 120 401 544 650 632 417 329 82 727 659 18 209
Route 18: 602 328 528 360 344 167 743 588 757 165 117 338 137 640 322 157 25 449 419 303 624 653 771 694 233 297 99 227 755 123 349 296 546 581
Route 19: 786 604 163 215 790 740 392 129 314 126 616 280 258 362 17 774 270 669 691 33 196 557 784 613 511 188 279 63 114 339 753
Route 20: 242 84 398 400 282 575 211 250 454 56 115 582 668 244 269 168 76 200 793 101 761 434 599 57 377 490 69 423 318 122 94 289 717 553 277
Route 21: 288 304 467 121 715 430 240 666 605 789 475 386 216 64 620 309 763 585 536 20 573 183 333
Route 22: 247 600 260 764 278 418 124 693 311 160 421 187 178 742 176 481 787 204 369 271 534 510 350 713 425 197 229
Route 23: 652 589 159 47 798 636 198 601 238 762 609 520 331 489 182 166 380 172 397 783 272 39 151 130 366 621 483 357
Route 24: 184 89 192 38 722 239 24 435 342 40 503 72 352 466 45 617 347 387 29 655 445 741
Route 25: 796 16 404 407 396 641 667 125 476 517 109 674 249 615 375 51 525 326 164 218 307 533 595 351 777 87
Vehicles: 25
Distance: 19642.59
