Route 1: 191 193 111 437 71 472 766 276 457 331 349 236 690 3 784 82
Route 2: 528 367 439 209 305 568 96 26 746 713 351 778 36 365
Route 3: 73 52 436 162 145 543 335 652 692 130 737 697
Route 4: 562 491 745 764 133 379 105 301 420 446 714
Route 5: 32 216 412 12 738 679 725 241 359 199 396 773 63 254
Route 6: 175 210 391 507 748 763 7 401 655 709 268 380 523 726
Route 7: 356 99 76 165 269 373 481 614 720 590 443 286
Route 8: 229 524 392 486 385 640 644 731 239 247 278
Route 9: 368 582 156 663 474 501 416 10 463 149 495
Route 10: 319 704 521 394 661 358 75 37 790 657 629 774 477
Route 11: 772 288 549 227 14 529 541 152 30 332 583 687 296 399
Route 12: 480 398 432 2 701 272 395 337 42 534 249 230 322
Route 13: 728 755 710 120 354 742 610 532 60 411
Route 14: 485 366 662 110 591 492 573 584 483 630 500
Route 15: 29 450 503 147 744 631 683 598 274 377 364
Route 16: 316 55 183 781 393 685 213 390 452 431 341 48
Route 17: 513 671 645 553 94 441 142 572 203 304 632 320
Route 18: 360 736 548 314 669 54 323 563 727 482 595 157
Route 19: 234 118 785 456 384 91 297 116 40 161
Route 20: 93 114 132 212 518 793 309 194 569 556
Route 21: 163 522 440 129 386 546 677 244 659 407 327
Route 22: 346 708 428 779 637 410 264 660 639 787 496
Route 23: 555 752 262 198 177 723 34 761 86
Route 24: 674 141 122 471 235 498 769 427 636 673 488 620
Route 25: 547 300 35 604 478 311 218 279 342 618 167
Route 26: 616 449 343 585 388 51 72 166 137 609 284 711
Route 27: 67 717 222 281 430 138 70 219 656 512 106 352
Route 28: 575 310 733 211 78 9 600 84 619 223 306 567 566
Route 29: 45 641 686 653 226 369 400 97 245 794 626 169
Route 30: 509 271 459 721 266 282 770 611 24 535
Route 31: 295 429 602 62 628 273 627 90 515 92 146
Route 32: 668 780 516 635 160 214 135 751 570 290
Route 33: 417 586 776 102 734 678 250 336 798 702
Route 34: 484 248 666 767 326 27 121 747 83 328 542
Route 35: 287 796 315 15 57 17 426 312 724 355 11
Route 36: 574 758 143 623 176 571 285 405 180 464 564 468
Route 37: 240 469 242 353 638 735 444 1 41
Route 38: 89 103 675 345 454 325 791 424 39 201 255
Route 39: 759 95 69 419 756 599 740 558 58 540
Route 40: 470 730 743 670 682 676 126 64 188 43 22
Route 41: 577 504 208 115 246 79 98 85 221 74 370 510
Route 42: 375 475 372 200 181 489 277 422 376
Route 43: 68 65 699 217 8 418 119 715 117 795
Route 44: 732 108 363 775 511 565 712 406 339
Route 45: 458 579 389 719 435 634 38 783 782 308
Route 46: 238 525 140 334 224 423 514 348 298
Route 47: 303 256 703 151 479 691 625 526 168 762 771 192
Route 48: 578 476 466 283 729 453 760 561 251 317 530
Route 49: 505 237 588 6 499 148 381 267 46 101 113
Route 50: 202 648 754 633 462 465 170 777 442
Route 51: 387 473 739 260 16 153 5 150 134 797
Route 52: 159 409 187 243 438 487 225 680 206 403
Route 53: 313 433 174 550 80 552 330 615 154
Route 54: 275 557 689 340 788 538 404 124 716 497 204 81
Route 55: 344 519 493 185 445 753 792 415 329 603
Route 56: 494 681 537 413 382 253 434 265 44 299 624
Route 57: 646 576 21 324 125 207 581 186 155 104 490
Route 58: 607 270 408 263 517 451 357 597 402 292
Route 59: 554 139 707 467 768 502 414 232 608
Route 60: 190 800 460 559 533 383 350 539 592 757 425
Route 61: 672 291 257 127 799 455 189 144 750 171 643
Route 62: 13 651 59 447 362 695 397 374 302 112 172
Route 63: 197 179 613 705 606 545 664 158
Route 64: 31 233 371 53 706 605 66 621 617 261 596 461
Route 65: 220 589 231 258 580 789 18 448 531 361 280
Route 66: 506 650 642 88 551 87 23 520 56 293 333
Route 67: 50 527 338 693 49 28 307 294 123 77 378 649
Route 68: 421 698 19 684 164 722 321 33 694 665
Route 69: 612 47 100 20 107 647 173 696 536 136 622 205
Route 70: 700 228 347 182 289 109 184 215 4 131 741
Route 71: 252 544 718 128 786 601 594 749
Route 72: 25 587 195 688 593 196 667 658 178
Route 73: 318 508
Route 74: 765 259
Route 75: 654
Route 76: 61 560
Vehicles: 76
Distance: 40889.86
