Route 1: 713 25 150 243 141 298 749 101 231 618 266 403 525
Route 2: 352 193 743 257 264 336 585 500 569 210
Route 3: 487 658 656 496 494 393 604 62 578 596
Route 4: 79 577 626 741 81 729 95 394 208 228
Route 5: 616 595 199 612 771 429 334 440 734
Route 6: 176 88 777 527 315 753 350 96 130 22
Route 7: 7 491 676 773 186 339 798 234 376 591
Route 8: 174 400 278 99 372 153 20 357 363 204
Route 9: 115 546 123 716 338 524 89 587 778 701 774 392
Route 10: 706 732 147 651 748 570 653 428 236 472 26 717
Route 11: 6 644 691 78 565 649 223 532 311 657 361
Route 12: 56 49 162 185 93 345 476 416 52 459 371 18
Route 13: 722 461 737 91 188 607 37 568 385
Route 14: 418 489 276 519 498 253 495 709 2 267
Route 15: 329 511 762 290 423 274 80 448 287 86 104 146 419
Route 16: 672 492 163 265 725 521 220 219 244 156 152 490 229
Route 17: 222 370 299 374 632 437 592 686 282 94 602 194 238
Route 18: 38 159 759 63 21 630 623 464 67 136 166
Route 19: 129 27 134 786 187 192 11 114 518 240 360 425 756
Route 20: 556 695 109 668 173 198 572 283 157 326 224 325
Route 21: 364 343 201 42 207 704 85 685 202 386 407
Route 22: 615 269 726 279 106 553 246 355 366 118 411
Route 23: 779 750 690 168 251 515 252 367 60 426 285 135
Route 24: 738 191 674 316 48 59 783 610 167
Route 25: 397 117 675 788 327 629 331 177 324 669 105
Route 26: 538 256 212 100 43 481 523 755 189 54 227
Route 27: 13 226 427 313 635 262 705 666 111 301 474
Route 28: 574 68 467 321 597 306 165 513
Route 29: 46 379 794 237 636 232 772 124 742 10
Route 30: 436 714 663 535 770 351 270 399 373 689 171
Route 31: 304 446 195 259 533 733 768 643 406 458 182 482
Route 32: 441 520 164 549 148 422 652 19 708 76 563
Route 33: 377 277 235 800 702 353 793 214 671 230
Route 34: 424 776 516 622 391 450 12 258 575 275
Route 35: 398 74 763 558 158 408 61 242 754 29 260 634
Route 36: 291 384 619 268 603 178 711 745 781 344 699
Route 37: 471 180 64 314 547 303 322 380 537 35 348
Route 38: 593 736 576 221 288 420 497 599 97 541 151
Route 39: 561 233 169 504 206 647 323 715 144 677
Route 40: 620 145 470 131 139 359 552 688 502 540
Route 41: 34 601 600 670 196 678 784 684 82 728 580
Route 42: 335 369 718 328 765 15 507 438 719 200 340
Route 43: 723 740 55 462 16 791 382 354 707 589 414
Route 44: 255 439 545 543 312 271 330 119 172 724
Route 45: 583 641 528 696 720 609 318 241 205 160 387
Route 46: 501 132 608 280 752 143 692 478 605 760
Route 47: 590 452 310 216 785 567 154 296 183 529 534
Route 48: 297 41 796 213 103 484 358 9 402 460
Route 49: 560 453 349 614 769 263 586 799 795
Route 50: 375 133 628 447 522 638 588 621 473 485
Route 51: 434 247 341 381 703 128 659 396 456 239
Route 52: 33 368 442 127 90 31 405 4 766
Route 53: 617 137 417 584 410 356 23 712 50 261
Route 54: 664 744 333 30 307 792 395 66
Route 55: 342 493 509 531 71 767 611 731 432 443
Route 56: 627 249 761 687 389 660 175 47
Route 57: 320 98 625 571 640 39 332 566 337
Route 58: 530 469 209 300 107 32 582 730 554 431
Route 59: 378 421 87 598 655 215 581 579 309
Route 60: 211 451 449 70 694 667 281 721
Route 61: 45 488 197 445 682 564 58 480
Route 62: 661 536 700 295 510 24 365 739 542 121
Route 63: 642 477 654 390 383 292 454 751 499 697
Route 64: 92 14 346 412 624 73 289 69 273 646
Route 65: 138 645 120 789 506 639 550 735 455 317
Route 66: 433 179 184 248 631 557 475 758
Route 67: 72 28 559 362 466 36 551 401 444
Route 68: 797 505 122 514 75 190 526 294 548 683
Route 69: 544 319 594 305 483 110
Route 70: 254 479 457 125 17 790 555 648 272
Route 71: 44 468 3 161 463 465 181
Route 72: 83 217 40 51 218 84 404 780 650
Route 73: 308 764 662 149 77 142 413 633
Route 74: 710 140 284 116 787 747
Route 75: 388 430 409 250
Route 76: 8 155 245 562 782 613 679
Route 77: 126 673 486 65
Route 78: 698 302 727 57 113 112
Route 79: 508 681 637 53 293 539 693 102 170
Route 80: 573 503 225 1 108 746 680 512 286
Route 81: 347 5 606 415 203
Route 82: 517 757 665 775 435
Vehicles: 82
Distance: 37374.50
