Route 1: 191 528 32 254 523 437 690 236 349 766 73 3 784 737 391 652 697 543 145 162 436 692 130 229 52 485 331 507 472 71 524 234 392 335 486 384 118 167 678 734 780 748 111 365 269 296 541 568 745 193 396 359 199 230 216 367 82 714 477 305 286 63
Route 2: 562 764 156 645 29 450 582 379 133 495 368 175 247 366 385 640 428 496 492 591 662 779 637 264 287 635 410 516 135 214 102 751 702 315 160 796 798 426 17 57 15 355 724 424 39 201 586 785 776 644 738 570 456 731 239 457
Route 3: 301 319 446 420 76 99 772 36 443 778 209 439 316 399 9 575 152 600 30 332 758 55 616 685 343 504 300 208 389 604 35 719 585 183 781 620 449 51 72 166 634 38 574 783 726 699 623 687 284 388 176 143 679 241 213 390 48 773
Route 4: 713 356 93 704 521 114 45 641 132 309 75 394 358 37 165 661 373 790 303 344 518 759 62 95 90 537 681 756 628 69 419 599 212 194 295 406 619 273 157 569 653 192 555 34 369 81 794 245 556 501 304 657 761 91 364 210 276 278
Route 5: 412 480 341 141 407 122 327 725 432 395 42 2 163 534 411 337 532 60 440 522 129 398 546 701 244 272 386 677 12 342 498 115 242 735 618 452 279 79 552 80 246 98 636 427 769 673 444 638 709 380
Route 6: 728 755 710 655 67 222 509 271 484 138 281 717 120 401 584 573 708 668 70 354 268 763 742 610 7 352 106 512 656 219 542 248 767 666 326 140 27 633 747 170 291 189 127 257 601 322 224 328 483 639 578 290 476 250 283 630 336 787 535 24 500
Route 7: 360 736 314 669 548 513 441 105 142 671 149 503 161 147 744 463 10 598 631 683 203 553 572 752 54 323 563 727 94 416 198 723 16 689 124 538 626 404 97 757 383 482 262 797 297 274 474 663 40 377 566 292 629 5 116 150
Route 8: 481 549 288 793 746 614 774 720 227 590 351 223 306 78 310 211 733 14 529 26 96 225 571 338 527 680 715 308 789 580 119 117 206 583 68 65 448 564 567 361 123 77 280 579 155 775 418 405 217 137 285 18 795 8 531 378 782 84 464 609 339 180 468
Route 9: 346 525 238 334 121 491 660 110 466 453 13 282 754 777 465 672 622 688 195 594 749 593 136 587 173 28 612 648 770 430 459 348 514 171 376 259 654 313 49 372 200 181 1 41 249 658 611 750 462 696 536 202 266 442 721
Route 10: 632 275 177 320 473 497 86 716 557 400 387 260 739 340 788 31 539 533 350 425 650 642 88 23 261 596 592 265 545 617 595 762 800 233 371 53 204 605 66 621 19 56 698 185 664 706 158 44 625 771 226 169
Route 11: 547 393 458 311 577 674 218 435 159 409 478 330 240 471 431 235 475 47 107 433 693 647 20 196 455 277 353 113 112 417 370 221 550 667 659 469 83 126 172 144 85 74 510 154 205 422 489 615 488 461
Route 12: 89 732 515 540 558 58 576 646 511 565 21 363 125 207 494 519 581 324 712 382 792 415 329 670 676 753 253 413 603 434 740 299 333 33 64 381 11 627 624 186 92 429 602 146 108
Route 13: 237 505 103 675 345 454 325 791 607 554 270 470 765 184 707 694 228 182 700 722 408 743 730 768 101 362 414 232 695 397 374 267 711 302 684 164 139 665 188 502 215 263 451 357 293 153 43 682 517 786 467 131 741 321 597 255 22
Route 14: 312 46 651 59 608 588 6 760 530 317 561 251 402 499 109 643 148 729 423 178 298 799 25
Route 15: 421 243 438 187 50 487 490 403 231 104 649 61 560
Route 16: 375 294 174 307 100 134 289
Route 17: 256 703 190 197 613 179 508 445 718 705 520 128 606 252 544 526 493 691 168 151 479 551
Route 18: 559 460 506 318 686 87 347
Route 19: 220 258 589
Route 20: 4 447
Vehicles: 20
Distance: 33184.95
