Route 1: 183 61 148 217 376 737 574 505 236 94 314 632 728 287 525
Route 2: 296 187 64 375 519 332 279 563 787 134 619 349
Route 3: 351 538 83 25 651 173 698 91 34 786 121
Route 4: 115 652 789 494 152 87 24 277 777 362 483 541 90 144
Route 5: 430 111 157 546 380 460 785 250 371 599 338
Route 6: 204 684 399 353 130 225 697 258 267 153 586 224
Route 7: 266 740 184 293 452 238 403 356 2 146 208
Route 8: 775 318 736 200 610 731 782 58 195 33
Route 9: 725 716 796 448 117 528 601 17 352 635 467 641 482 600
Route 10: 37 170 531 735 577 484 560 197 206 794 575 555 329
Route 11: 588 120 598 98 377 613 259 638 129 106 673 231
Route 12: 408 680 85 605 41 442 573 674 567 411 226
Route 13: 602 100 752 395 59 692 7 398 131 743 274 596
Route 14: 239 487 265 678 300 455 709 629 301
Route 15: 439 493 116 711 593 490 86 666 591 169 667 298
Route 16: 783 644 275 21 264 155 383 608 102 317 561 74
Route 17: 339 158 88 776 462 410 425 62 391 241 150 458
Route 18: 475 685 639 536 103 36 176 466 374 186 294
Route 19: 676 331 365 63 686 340 470 55 498 278 702 623 479 414 207
Route 20: 78 404 281 748 723 763 453 212 140 626 330 469 412 60
Route 21: 315 309 360 110 268 54 194 603 489 584 142
Route 22: 559 396 604 790 261 791 223 703 615 695
Route 23: 247 185 643 506 497 502 216 295 509 114 710 28
Route 24: 388 647 589 51 201 471 92 423 15 592 759
Route 25: 16 323 276 245 1 381 767 269 662 346 6
Route 26: 537 499 48 179 167 222 168 397 202 517
Route 27: 578 242 344 405 218 757 441 660 572 29
Route 28: 446 511 165 320 472 681 13 558 440 198 583
Route 29: 456 73 141 305 178 166 289 543 675 507 191 77 642 569
Route 30: 137 31 607 706 326 358 174 609 581 113 438
Route 31: 765 659 557 672 76 180 283 726 172 327 149 468 53
Route 32: 658 128 565 393 712 189 237 306 529 688 579 337
Route 33: 504 661 754 319 390 196 188 324 799 282 548 612 182
Route 34: 80 645 580 722 124 749 715 42 663 56 70
Route 35: 302 751 653 244 251 700 457 159 243 718 524 464
Route 36: 727 292 418 272 551 290 689 620 755 387 730
Route 37: 704 721 788 501 496 682 181 109 361 66 719
Route 38: 220 133 648 4 108 252 286 597 369 257 368 23 495 49
Route 39: 81 215 291 622 449 246 52 784 107 633
Route 40: 409 248 724 400 19 40 556 512 729 336 701 444
Route 41: 481 694 417 761 342 341 570 312 370 764 9 656
Route 42: 463 230 45 539 260 720 154 105 753 39
Route 43: 335 670 89 235 93 480 669 366 304
Route 44: 50 163 500 540 687 38 255 542 594 311 628 745 199
Route 45: 65 69 359 379 768 739 671 424
Route 46: 357 8 774 445 797 347 649 95 119 435 564
Route 47: 211 394 44 151 10 136 364 22 738 57 454
Route 48: 758 465 3 420 310 679 744 762 190 756 126 771
Route 49: 138 343 422 657 234 665 587 488 118 221
Route 50: 433 101 161 650 566 544 450 451 219
Route 51: 402 585 164 75 571 135 677 232 321 436 313
Route 52: 717 606 634 637 421 473 413 476 389
Route 53: 431 233 363 43 280 447 535 478 299 534
Route 54: 384 355 474 213 125 322 373 699 550 621
Route 55: 532 96 334 192 750 256 123 625 514 485 510
Route 56: 636 627 655 640 491 205 227 582 793 307
Route 57: 554 646 147 618 437 770 333 32 522 162
Route 58: 518 477 84 611 459 14 139 240 503 156 443 288
Route 59: 97 732 708 520 734 71 562 407 214 308
Route 60: 527 760 547 193 406 285 416
Route 61: 515 143 733 354 429 690 262 249
Route 62: 303 742 18 46 795 316 72 552 210
Route 63: 713 253 367 122 271 664
Route 64: 68 508 772 523 228 229 79 12 175
Route 65: 26 766 263 616 254 401 707 714 595
Route 66: 624 530 67 177 780 486 549 631 800 27 683
Route 67: 415 798 385 11 746
Route 68: 419 513 47 521 82 372 434 203 691
Route 69: 747 345 35 769 792 781 273 20
Route 70: 386 590 778 428 516 630 350
Route 71: 668 284 104 492 526 160 614 705
Route 72: 209 741 617 132 392 654 348
Route 73: 553 378
Route 74: 576 171 533 328 112
Route 75: 461 30 127
Route 76: 693 325
Route 77: 773
Route 78: 382
Route 79: 5
Route 80: 568 779
Route 81: 545
Route 82: 297
Route 83: 696
Route 84: 427 99
Route 85: 432
Route 86: 145
Route 87: 426 270
Vehicles: 87
Distance: 58076.50
