Route 1: 493 1 344 559 653 485 520 233 584 452 44 526 771 604 16 585 236 297 640 711 489 477 224 374 287 590 481 507 25 184 544 589 56 95 642 145 5 580 371 553 611 436 71 74 331 47 377 672 703 382 221 103 46 400 667 251 579 328 501 571 237
Route 2: 127 290 521 12 279 512 684 592 788 94 218 2 418 566 68 393 288 275 455 202 329 623 231 136 612 106 267 784 383 437 389 561 518 718 568 174 469 635 449 62 567 158 83 358 594 659 744 532 409 220 89 183 228 137 208 296 464 775
Route 3: 248 749 451 381 614 139 618 273 712 216 405 76 192 442 126 587 724 425 120 386 625 299 448 348 483 39 365 24 372 767 793 82 13 652 20 647 417 268 70 368 620 240 555 247 316 277 161 57 609
Route 4: 194 180 67 144 497 536 643 459 100 548 26 335 108 424 494 606 670 622 734 490 773 397 778 797 241 298 781 562 645 446 570 321 131 244 626 239 128 496 756 178 725 234 223 29 323 286 238 85 300 272 201
Route 5: 403 399 384 315 291 282 440 482 407 658 616 419 733 475 172 416 582 673 182 235 602 341 678 426 196 714 269 661 119 415 4 792 63 48 663 528 118 79 140 690 295 283 64 332 93 101 693 740 692 795 550 694 747 32 227 274 217 31 215
Route 6: 222 225 575 755 80 143 632 430 768 495 317 644 534 664 250 256 313 487 102 500 170 529 213 764 149 730 523 540 665 480 537 387 726 121 75 441 760 411 696 687 646 133 359 484 175 539 357 376 791 53 278 453 427 199 45 219 159 681
Route 7: 508 505 105 373 168 111 23 254 762 573 456 556 189 707 320 444 502 338 322 535 655 421 177 776 766 473 583 434 249 636 110 423 155 351 163 345 334 90 634 454 517 750 395 305 129 343 138 564 91 627 432 7
Route 8: 527 533 391 474 668 698 552 50 591 40 280 639 364 22 457 704 506 753 586 576 519 637 739 72 375 197 728 669 17 243 258 294 676 701 657 318 660 662 524 206 285 66 204 135 466 164 631 42 113 166 229 230 638 179 396 209 763
Route 9: 722 58 581 210 27 176 394 333 588 112 37 117 148 188 150 49 380 757 160 675 388 541 347 737 671 610 546 412 226 253 302 547 367 270 141 515 263 780 700 191 514 549 410 214 462 479 200 339 598 709 185 157 171 731 293
Route 10: 720 650 785 115 491 685 262 758 361 499 601 736 130 774 187 628 702 232 336 349 476 84 595 471 717 746 554 173 195 765 615 292 504 799 265 330 81 605 603 284 30 458 551 266 362 38 124 723 450 325 569 531 783 759
Route 11: 352 11 15 255 428 207 719 390 677 370 65 10 572 699 649 706 682 600 543 648 599 109 402 406 281 306 621 738 73 162 613 264 617 43 398 134 445 467 431 716 713 360 741 190 560 353 69 378 54 152 385 307 404
Route 12: 414 463 326 597 656 558 522 369 492 246 52 6 789 97 710 715 439 651 116 705 309 630 654 674 686 86 754 563 510 59 800 761 516 624 355 472 3 392 257 122 796 96 311 154 413 259 503 261 460 324 252 513 212 14 461 303 683
Route 13: 633 729 619 525 88 695 87 772 794 641 142 350 509 327 470 340 447 319 433 420 78 181 337 21 530 193 542 769 488 205 35 147 593 342 511 308 629 438 680 787 36 401 314 312 366 608 61 742 557 596 41 186 55 9 429 60
Route 14: 304 465 577 153 498 289 578 443 51 363 107 354 408 151 104 28 708 169 798 422 697 732 666 478 779 743 245 751 379 156 146 198 607 242 132 165 346 203 545 435 790 691
Route 15: 721 679 727 92 752 356 748 688 33 689 782 574 211 786 538 770 34 735 77 8 260 468
Route 16: 777 486 271 167 98 301 99 125 123 18 114 745 310 565 19 276
Vehicles: 16
Distance: 39989.76
